{
  "advancedEditorSelectedIdentifier" : "ProjectBrowser",
  "openSceneRelativePaths" : [
    "Cloud.usda",
    "xrk\/Untitled Scene.usda"
  ],
  "recentIdentifiers" : {
    "6F0356C3-A010-42E9-AD64-DBC18EB5CB70" : [

    ]
  },
  "sceneCameraHistory" : {
    "6F0356C3-A010-42E9-AD64-DBC18EB5CB70" : [
      {
        "date" : 759469355.730624,
        "title" : "Untitled",
        "transform" : [
          0.99377,
          -4.1102934e-09,
          0.11145,
          0,
          0.051837634,
          0.8852474,
          -0.4622228,
          0,
          -0.098660626,
          0.46512043,
          0.87973243,
          0,
          0.5735839,
          2.9647565,
          4.041719,
          1
        ]
      },
      {
        "date" : 759469334.239639,
        "title" : "Untitled",
        "transform" : [
          0.76499385,
          -3.730224e-09,
          0.64403754,
          0,
          0.23264559,
          0.9324768,
          -0.2763387,
          0,
          -0.60055,
          0.3612299,
          0.71333927,
          0,
          -1.8485534,
          2.5055234,
          3.7802022,
          1
        ]
      },
      {
        "date" : 759469278.640229,
        "title" : "Untitled",
        "transform" : [
          0.99575096,
          -3.3281762e-09,
          0.092086814,
          0,
          0.03168331,
          0.9389478,
          -0.34259784,
          0,
          -0.08646446,
          0.34405977,
          0.9349582,
          0,
          0.6387252,
          2.4304667,
          4.174854,
          1
        ]
      },
      {
        "date" : 759469259.917427,
        "title" : "Untitled",
        "transform" : [
          0.9910499,
          -3.4882728e-09,
          0.13349155,
          0,
          0.029868608,
          0.97464675,
          -0.22174692,
          0,
          -0.13010685,
          0.22374949,
          0.9659236,
          0,
          0.45466214,
          1.9106251,
          4.2689395,
          1
        ]
      },
      {
        "date" : 759463822.700791,
        "title" : "Untitled",
        "transform" : [
          0.9760711,
          -3.5438767e-09,
          -0.21745129,
          0,
          -0.04341529,
          0.9798662,
          -0.19487745,
          0,
          0.21307342,
          0.199655,
          0.95641917,
          0,
          1.9042116,
          1.807733,
          3.8545911,
          1
        ]
      },
      {
        "date" : 759463797.053159,
        "title" : "Untitled",
        "transform" : [
          0.82202935,
          -3.2079708e-09,
          -0.56944513,
          0,
          -0.06605137,
          0.9932501,
          -0.09534915,
          0,
          0.56560165,
          0.11599246,
          0.81648064,
          0,
          3.281412,
          1.4588208,
          2.9663825,
          1
        ]
      },
      {
        "date" : 759463780.461787,
        "title" : "Untitled",
        "transform" : [
          0.9383558,
          -1.103607e-08,
          -0.34567103,
          0,
          -0.105940446,
          0.9518779,
          -0.28758493,
          0,
          0.32903686,
          0.30647758,
          0.89320004,
          0,
          2.3825445,
          2.2875614,
          3.550918,
          1
        ]
      },
      {
        "date" : 759463759.131536,
        "title" : "Untitled",
        "transform" : [
          0.95814,
          -1.2136804e-08,
          -0.28630048,
          0,
          0.0086026825,
          0.9995484,
          0.028790094,
          0,
          0.2861714,
          -0.030047832,
          0.9577072,
          0,
          2.2105193,
          0.8213093,
          3.8762128,
          1
        ]
      },
      {
        "date" : 759462742.269547,
        "title" : "Untitled",
        "transform" : [
          0.9893284,
          -1.2241397e-08,
          -0.14570338,
          0,
          -0.03138866,
          0.97651976,
          -0.21312925,
          0,
          0.14228241,
          0.21542828,
          0.9660986,
          0,
          1.5822831,
          1.8598986,
          3.82402,
          1
        ]
      },
      {
        "date" : 759462630.857902,
        "title" : "Untitled",
        "transform" : [
          0.9988669,
          -1.1046128e-08,
          -0.047590423,
          0,
          -0.018795723,
          0.91870403,
          -0.3944993,
          0,
          0.043721683,
          0.39494684,
          0.9176631,
          0,
          1.1834438,
          2.5911083,
          3.653634,
          1
        ]
      }
    ]
  },
  "sceneViewportBackgroundColors" : {

  },
  "selectedSceneRelativePath" : "xrk\/Untitled Scene.usda"
}