{
  "advancedEditorSelectedIdentifier" : "ProjectBrowser",
  "openSceneRelativePaths" : [
    "Cloud.usda",
    "xrk\/Untitled Scene.usda"
  ],
  "recentIdentifiers" : {
    "6F0356C3-A010-42E9-AD64-DBC18EB5CB70" : [

    ]
  },
  "sceneCameraHistory" : {
    "6F0356C3-A010-42E9-AD64-DBC18EB5CB70" : [
      {
        "date" : 759460634.698658,
        "title" : "Untitled",
        "transform" : [
          0.8042042,
          -7.7707165e-09,
          -0.5943531,
          0,
          -0.17827487,
          0.95395565,
          -0.24121922,
          0,
          0.5669865,
          0.29994774,
          0.7671751,
          0,
          3.0479002,
          2.1928272,
          2.4276974,
          1
        ]
      },
      {
        "date" : 759460606.592213,
        "title" : "Untitled",
        "transform" : [
          0.58829576,
          -8.50616e-09,
          -0.80864584,
          0,
          -0.21911427,
          0.9625894,
          -0.15940723,
          0,
          0.7783939,
          0.27096444,
          0.5662872,
          0,
          3.6498952,
          2.0787418,
          1.4085193,
          1
        ]
      },
      {
        "date" : 759460604.345965,
        "title" : "Untitled",
        "transform" : [
          -0.9826774,
          -1.2454958e-08,
          -0.18532412,
          0,
          -0.030868744,
          0.9860303,
          0.16368087,
          0,
          0.18273525,
          0.16656622,
          -0.96894974,
          0,
          -0.274846,
          1.6692574,
          -3.982964,
          1
        ]
      },
      {
        "date" : 759460572.673957,
        "title" : "Untitled",
        "transform" : [
          0.9981257,
          -1.8752829e-08,
          -0.061197013,
          0,
          -0.03518578,
          0.818182,
          -0.57388175,
          0,
          0.050070267,
          0.5749594,
          0.81664854,
          0,
          1.1228603,
          3.2939835,
          3.1668632,
          1
        ]
      },
      {
        "date" : 759460567.603661,
        "title" : "Untitled",
        "transform" : [
          0.998182,
          -1.9294417e-08,
          0.06027224,
          0,
          0.026663154,
          0.89682853,
          -0.44157413,
          0,
          -0.054053895,
          0.4423784,
          0.8951981,
          0,
          0.71259904,
          2.771539,
          3.5779266,
          1
        ]
      },
      {
        "date" : 759445535.672284,
        "title" : "Untitled",
        "transform" : [
          0.5140103,
          -1.9371821e-08,
          0.857784,
          0,
          0.016784372,
          0.9998086,
          -0.010057702,
          0,
          -0.85761976,
          0.01956733,
          0.513912,
          0,
          -0.29237846,
          0.0066708424,
          0.17520224,
          1
        ]
      },
      {
        "date" : 759440209.817597,
        "title" : "Untitled",
        "transform" : [
          0.019276544,
          -1.4245445e-08,
          0.99981415,
          0,
          0.43899584,
          0.8984493,
          -0.008463919,
          0,
          -0.89828223,
          0.4390776,
          0.017319161,
          0,
          -0.30624112,
          0.14968969,
          0.0059045036,
          1
        ]
      },
      {
        "date" : 759439661.871143,
        "title" : "Untitled",
        "transform" : [
          0.055181336,
          -1.4220058e-08,
          0.9984763,
          0,
          0.4047603,
          0.9141491,
          -0.022369321,
          0,
          -0.9127562,
          0.40537816,
          0.05044413,
          0,
          -0.31117558,
          0.13820094,
          0.017197423,
          1
        ]
      },
      {
        "date" : 759439342.384915,
        "title" : "Untitled",
        "transform" : [
          0.4760474,
          -1.5248627e-08,
          0.8794196,
          0,
          0.47640362,
          0.84055585,
          -0.25788683,
          0,
          -0.7392011,
          0.5417253,
          0.40014455,
          0,
          -0.25200737,
          0.18468419,
          0.13641678,
          1
        ]
      },
      {
        "date" : 759439313.220725,
        "title" : "Untitled",
        "transform" : [
          0.014161287,
          -2.2088884e-08,
          0.99989974,
          0,
          0.3093498,
          0.9509383,
          -0.0043812427,
          0,
          -0.95084286,
          0.30938104,
          0.013466717,
          0,
          -0.32416,
          0.10547373,
          0.0045911274,
          1
        ]
      }
    ]
  },
  "sceneViewportBackgroundColors" : {

  },
  "selectedSceneRelativePath" : "xrk\/Untitled Scene.usda"
}