{
  "advancedEditorSelectedIdentifier" : "ProjectBrowser",
  "openSceneRelativePaths" : [
    "Cloud.usda",
    "xrk\/MovieScene.usda",
    "Asteroid_1a.usdc"
  ],
  "recentIdentifiers" : {
    "697EA62C-391C-4184-A45B-2557F8DF50C7" : [

    ],
    "6F0356C3-A010-42E9-AD64-DBC18EB5CB70" : [

    ],
    "916F2E70-40B8-4027-B5CB-91FC2BC864F1" : [

    ],
    "A53B7B1A-FEE9-4C14-9AA2-3491E64FFD78" : [

    ]
  },
  "sceneCameraHistory" : {
    "697EA62C-391C-4184-A45B-2557F8DF50C7" : [
      {
        "date" : 759575754.264212,
        "title" : "Untitled",
        "transform" : [
          0.9993197,
          -2.3734942e-10,
          0.03688077,
          0,
          0.017773725,
          0.87621295,
          -0.48159632,
          0,
          -0.032315418,
          0.48192438,
          0.8756168,
          0,
          -0.39953703,
          2.7284026,
          4.933119,
          1
        ]
      },
      {
        "date" : 759575727.522739,
        "title" : "Untitled",
        "transform" : [
          0.99655336,
          1.0874206e-09,
          -0.08295369,
          0,
          -0.04876544,
          0.80896014,
          -0.5858373,
          0,
          0.067106225,
          0.5878635,
          0.806172,
          0,
          0.1620113,
          3.3261507,
          4.566174,
          1
        ]
      },
      {
        "date" : 759575710.47987,
        "title" : "Untitled",
        "transform" : [
          0.99762106,
          1.0919806e-09,
          0.06893615,
          0,
          0.040427078,
          0.80999106,
          -0.5850473,
          0,
          -0.055837665,
          0.58644235,
          0.8080641,
          0,
          -1.476036,
          3.6553376,
          4.945467,
          1
        ]
      },
      {
        "date" : 759575704.972845,
        "title" : "Untitled",
        "transform" : [
          1,
          0,
          0,
          0,
          0,
          0.7071069,
          -0.70710677,
          0,
          0,
          0.70710677,
          0.7071069,
          0,
          0.010555137,
          3.253076,
          3.2530763,
          1
        ]
      }
    ],
    "6F0356C3-A010-42E9-AD64-DBC18EB5CB70" : [
      {
        "date" : 759479825.280199,
        "title" : "Untitled",
        "transform" : [
          0.99988264,
          4.7518197e-06,
          0.015322671,
          0,
          0.0067446283,
          0.897776,
          -0.4404008,
          0,
          -0.013758399,
          0.44045246,
          0.89767057,
          0,
          0.15806626,
          2.7269976,
          4.482396,
          1
        ]
      },
      {
        "date" : 759478614.263788,
        "title" : "Untitled",
        "transform" : [
          0.9993148,
          4.751791e-06,
          -0.037013624,
          0,
          -0.01781957,
          0.876545,
          -0.48098993,
          0,
          0.032441843,
          0.4813199,
          0.8759445,
          0,
          0.38755125,
          2.930344,
          4.337772,
          1
        ]
      },
      {
        "date" : 759478613.09717,
        "title" : "Untitled",
        "transform" : [
          0.99940586,
          4.751692e-06,
          -0.034467276,
          0,
          -0.016628176,
          0.8759993,
          -0.48202577,
          0,
          0.030191036,
          0.4823125,
          0.8754789,
          0,
          0.37638292,
          2.9352684,
          4.3354254,
          1
        ]
      },
      {
        "date" : 759478608.353396,
        "title" : "Untitled",
        "transform" : [
          0.9945288,
          4.7513945e-06,
          0.1044629,
          0,
          0.03476383,
          0.94298714,
          -0.33100867,
          0,
          -0.09850874,
          0.33282918,
          0.93782777,
          0,
          -0.2724532,
          2.186405,
          4.7643237,
          1
        ]
      },
      {
        "date" : 759477747.226107,
        "title" : "Untitled",
        "transform" : [
          0.9945288,
          4.7513945e-06,
          0.1044629,
          0,
          0.03476383,
          0.94298714,
          -0.33100867,
          0,
          -0.09850874,
          0.33282918,
          0.93782777,
          0,
          0.26537544,
          1.9760981,
          3.0576563,
          1
        ]
      },
      {
        "date" : 759477735.894453,
        "title" : "Untitled",
        "transform" : [
          0.9866418,
          4.754441e-06,
          0.16290496,
          0,
          0.119746536,
          0.6779702,
          -0.7252705,
          0,
          -0.11044815,
          0.7350895,
          0.6689131,
          0,
          0.17026706,
          3.3412309,
          2.5495608,
          1
        ]
      },
      {
        "date" : 759477710.484839,
        "title" : "Untitled",
        "transform" : [
          0.97315437,
          4.7542694e-06,
          -0.23015356,
          0,
          -0.17163438,
          0.6662537,
          -0.72570497,
          0,
          0.1533372,
          0.7457252,
          0.6483685,
          0,
          1.1279969,
          3.3801775,
          2.2349713,
          1
        ]
      },
      {
        "date" : 759477705.65152,
        "title" : "Untitled",
        "transform" : [
          0.9936668,
          -4.538679e-09,
          0.112366244,
          0,
          0.029797705,
          0.9641978,
          -0.26350474,
          0,
          -0.10834309,
          0.2651841,
          0.9580915,
          0,
          0.23668197,
          1.7746437,
          3.057775,
          1
        ]
      },
      {
        "date" : 759477701.944659,
        "title" : "Untitled",
        "transform" : [
          0.9936668,
          -4.538679e-09,
          0.112366244,
          0,
          0.029797705,
          0.9641978,
          -0.26350474,
          0,
          -0.10834309,
          0.2651841,
          0.9580915,
          0,
          0.54734474,
          2.0884943,
          4.2413254,
          1
        ]
      },
      {
        "date" : 759469355.730624,
        "title" : "Untitled",
        "transform" : [
          0.99377,
          -4.1102934e-09,
          0.11145,
          0,
          0.051837634,
          0.8852474,
          -0.4622228,
          0,
          -0.098660626,
          0.46512043,
          0.87973243,
          0,
          0.5735839,
          2.9647565,
          4.041719,
          1
        ]
      }
    ],
    "916F2E70-40B8-4027-B5CB-91FC2BC864F1" : [
      {
        "date" : 759568312.918227,
        "title" : "Untitled",
        "transform" : [
          0.9889815,
          -3.85698e-09,
          -0.14803895,
          0,
          0.008820711,
          0.9982233,
          0.05892713,
          0,
          0.14777596,
          -0.059583664,
          0.98722446,
          0,
          0.5723532,
          1.9014077,
          -2.777605,
          1
        ]
      },
      {
        "date" : 759567707.702698,
        "title" : "Untitled",
        "transform" : [
          0.9889815,
          -3.85698e-09,
          -0.14803895,
          0,
          0.008820711,
          0.9982233,
          0.05892713,
          0,
          0.14777596,
          -0.059583664,
          0.98722446,
          0,
          0.01418532,
          1.3890767,
          5.9847665,
          1
        ]
      },
      {
        "date" : 759567162.363382,
        "title" : "Untitled",
        "transform" : [
          0.99534345,
          -2.2294748e-09,
          0.096391514,
          0,
          0.01251544,
          0.991535,
          -0.12923498,
          0,
          -0.09557555,
          0.12983958,
          0.9869179,
          0,
          -2.2556329,
          2.9595933,
          9.029426,
          1
        ]
      },
      {
        "date" : 759567110.163648,
        "title" : "Untitled",
        "transform" : [
          0.99534345,
          -2.2294748e-09,
          0.096391514,
          0,
          0.01251544,
          0.991535,
          -0.12923498,
          0,
          -0.09557555,
          0.12983958,
          0.9869179,
          0,
          -2.2470713,
          3.6378667,
          8.941021,
          1
        ]
      },
      {
        "date" : 759567103.812462,
        "title" : "Untitled",
        "transform" : [
          0.99756354,
          -2.0807267e-09,
          -0.0697639,
          0,
          0.013729561,
          0.9804436,
          0.19632083,
          0,
          0.06839958,
          -0.19680032,
          0.9780548,
          0,
          -0.766318,
          0.69119257,
          8.748345,
          1
        ]
      },
      {
        "date" : 759567083.461499,
        "title" : "Untitled",
        "transform" : [
          0.970917,
          -1.6713589e-09,
          -0.23941657,
          0,
          0.019532362,
          0.9966665,
          0.07921047,
          0,
          0.23861848,
          -0.08158315,
          0.9676804,
          0,
          0.7085302,
          1.6940062,
          8.6155,
          1
        ]
      },
      {
        "date" : 759567052.055529,
        "title" : "Untitled",
        "transform" : [
          0.6735428,
          -1.7285107e-09,
          -0.73914814,
          0,
          0.050946686,
          0.9976218,
          0.046424754,
          0,
          0.7373903,
          -0.06892621,
          0.6719409,
          0,
          5.3659444,
          1.8021964,
          6.7496114,
          1
        ]
      },
      {
        "date" : 759567029.020404,
        "title" : "Untitled",
        "transform" : [
          0.9986637,
          3.0784615e-06,
          0.051679388,
          0,
          -0.008049602,
          0.9878042,
          0.15549341,
          0,
          -0.05104864,
          -0.15570162,
          0.9864842,
          0,
          -0.47151127,
          1.3648251,
          9.565401,
          1
        ]
      },
      {
        "date" : 759567018.137839,
        "title" : "Untitled",
        "transform" : [
          0.9986637,
          3.0784615e-06,
          0.051679388,
          0,
          -0.008049602,
          0.9878042,
          0.15549341,
          0,
          -0.05104864,
          -0.15570162,
          0.9864842,
          0,
          -0.46475324,
          0.5354753,
          9.434851,
          1
        ]
      },
      {
        "date" : 759567009.429731,
        "title" : "Untitled",
        "transform" : [
          0.9986637,
          3.0784615e-06,
          0.051679388,
          0,
          -0.008049602,
          0.9878042,
          0.15549341,
          0,
          -0.05104864,
          -0.15570162,
          0.9864842,
          0,
          -0.47440365,
          1.7197864,
          9.621272,
          1
        ]
      }
    ],
    "A53B7B1A-FEE9-4C14-9AA2-3491E64FFD78" : [
      {
        "date" : 759566866.957907,
        "title" : "Untitled",
        "transform" : [
          -0.059241332,
          -8.396889e-11,
          -0.99824363,
          0,
          -0.060126897,
          0.9981844,
          0.0035682647,
          0,
          0.9964312,
          0.060232677,
          -0.05913377,
          0,
          1.9890331,
          -0.48049578,
          0.3946542,
          1
        ]
      },
      {
        "date" : 759566860.808416,
        "title" : "Untitled",
        "transform" : [
          0.9018387,
          -4.3594714e-06,
          -0.43207276,
          0,
          0.0060358746,
          0.9999026,
          0.012588238,
          0,
          0.43203062,
          -0.013960499,
          0.90175086,
          0,
          1.2721908,
          -0.45546246,
          4.357856,
          1
        ]
      },
      {
        "date" : 759566845.5831,
        "title" : "Untitled",
        "transform" : [
          0.90183884,
          -4.359472e-06,
          -0.43207282,
          0,
          0.0060358746,
          0.9999026,
          0.012588238,
          0,
          0.43203068,
          -0.013960501,
          0.901751,
          0,
          0.8080282,
          -0.44046348,
          3.3890324,
          1
        ]
      },
      {
        "date" : 759566640.119394,
        "title" : "Untitled",
        "transform" : [
          0.89797544,
          -4.361199e-06,
          -0.44004574,
          0,
          -0.044102997,
          0.99496406,
          -0.090008244,
          0,
          0.4378301,
          0.10023253,
          0.89345306,
          0,
          0.99101794,
          3.1627214,
          3.1272008,
          1
        ]
      },
      {
        "date" : 759566634.623679,
        "title" : "Untitled",
        "transform" : [
          0.89797544,
          -4.361199e-06,
          -0.44004574,
          0,
          -0.044102997,
          0.99496406,
          -0.090008244,
          0,
          0.4378301,
          0.10023253,
          0.89345306,
          0,
          0.97036856,
          3.7963943,
          3.0850568,
          1
        ]
      },
      {
        "date" : 759566631.887857,
        "title" : "Untitled",
        "transform" : [
          0.89797544,
          -4.361199e-06,
          -0.44004574,
          0,
          -0.044102997,
          0.99496406,
          -0.090008244,
          0,
          0.4378301,
          0.10023253,
          0.89345306,
          0,
          1.3159151,
          3.8754992,
          3.7901907,
          1
        ]
      },
      {
        "date" : 759566628.255062,
        "title" : "Untitled",
        "transform" : [
          0.89797544,
          -4.361199e-06,
          -0.44004574,
          0,
          -0.044102997,
          0.99496406,
          -0.090008244,
          0,
          0.4378301,
          0.10023253,
          0.89345306,
          0,
          1.3046838,
          3.8729284,
          3.7672703,
          1
        ]
      },
      {
        "date" : 759566622.500841,
        "title" : "Untitled",
        "transform" : [
          0.89797544,
          -4.361199e-06,
          -0.44004574,
          0,
          -0.044102997,
          0.99496406,
          -0.090008244,
          0,
          0.4378301,
          0.10023253,
          0.89345306,
          0,
          1.285166,
          4.3132534,
          3.7274387,
          1
        ]
      },
      {
        "date" : 759566618.151363,
        "title" : "Untitled",
        "transform" : [
          0.89797544,
          -4.361199e-06,
          -0.44004574,
          0,
          -0.044102997,
          0.99496406,
          -0.090008244,
          0,
          0.4378301,
          0.10023253,
          0.89345306,
          0,
          1.3163217,
          3.6103795,
          3.7910235,
          1
        ]
      },
      {
        "date" : 759566613.561431,
        "title" : "Untitled",
        "transform" : [
          0.89797544,
          -4.361199e-06,
          -0.44004574,
          0,
          -0.044102997,
          0.99496406,
          -0.090008244,
          0,
          0.4378301,
          0.10023253,
          0.89345306,
          0,
          1.3546984,
          2.744588,
          3.8693457,
          1
        ]
      }
    ]
  },
  "sceneViewportBackgroundColors" : {

  },
  "selectedSceneRelativePath" : "Asteroid_1a.usdc"
}