{
  "advancedEditorSelectedIdentifier" : "ProjectBrowser",
  "openSceneRelativePaths" : [
    "Cloud.usda",
    "xrk\/Untitled Scene.usda"
  ],
  "recentIdentifiers" : {
    "6F0356C3-A010-42E9-AD64-DBC18EB5CB70" : [

    ]
  },
  "sceneCameraHistory" : {
    "6F0356C3-A010-42E9-AD64-DBC18EB5CB70" : [
      {
        "date" : 759477747.226107,
        "title" : "Untitled",
        "transform" : [
          0.9945288,
          4.7513945e-06,
          0.1044629,
          0,
          0.03476383,
          0.94298714,
          -0.33100867,
          0,
          -0.09850874,
          0.33282918,
          0.93782777,
          0,
          0.26537544,
          1.9760981,
          3.0576563,
          1
        ]
      },
      {
        "date" : 759477735.894453,
        "title" : "Untitled",
        "transform" : [
          0.9866418,
          4.754441e-06,
          0.16290496,
          0,
          0.119746536,
          0.6779702,
          -0.7252705,
          0,
          -0.11044815,
          0.7350895,
          0.6689131,
          0,
          0.17026706,
          3.3412309,
          2.5495608,
          1
        ]
      },
      {
        "date" : 759477710.484839,
        "title" : "Untitled",
        "transform" : [
          0.97315437,
          4.7542694e-06,
          -0.23015356,
          0,
          -0.17163438,
          0.6662537,
          -0.72570497,
          0,
          0.1533372,
          0.7457252,
          0.6483685,
          0,
          1.1279969,
          3.3801775,
          2.2349713,
          1
        ]
      },
      {
        "date" : 759477705.65152,
        "title" : "Untitled",
        "transform" : [
          0.9936668,
          -4.538679e-09,
          0.112366244,
          0,
          0.029797705,
          0.9641978,
          -0.26350474,
          0,
          -0.10834309,
          0.2651841,
          0.9580915,
          0,
          0.23668197,
          1.7746437,
          3.057775,
          1
        ]
      },
      {
        "date" : 759477701.944659,
        "title" : "Untitled",
        "transform" : [
          0.9936668,
          -4.538679e-09,
          0.112366244,
          0,
          0.029797705,
          0.9641978,
          -0.26350474,
          0,
          -0.10834309,
          0.2651841,
          0.9580915,
          0,
          0.54734474,
          2.0884943,
          4.2413254,
          1
        ]
      },
      {
        "date" : 759469355.730624,
        "title" : "Untitled",
        "transform" : [
          0.99377,
          -4.1102934e-09,
          0.11145,
          0,
          0.051837634,
          0.8852474,
          -0.4622228,
          0,
          -0.098660626,
          0.46512043,
          0.87973243,
          0,
          0.5735839,
          2.9647565,
          4.041719,
          1
        ]
      },
      {
        "date" : 759469334.239639,
        "title" : "Untitled",
        "transform" : [
          0.76499385,
          -3.730224e-09,
          0.64403754,
          0,
          0.23264559,
          0.9324768,
          -0.2763387,
          0,
          -0.60055,
          0.3612299,
          0.71333927,
          0,
          -1.8485534,
          2.5055234,
          3.7802022,
          1
        ]
      },
      {
        "date" : 759469278.640229,
        "title" : "Untitled",
        "transform" : [
          0.99575096,
          -3.3281762e-09,
          0.092086814,
          0,
          0.03168331,
          0.9389478,
          -0.34259784,
          0,
          -0.08646446,
          0.34405977,
          0.9349582,
          0,
          0.6387252,
          2.4304667,
          4.174854,
          1
        ]
      },
      {
        "date" : 759469259.917427,
        "title" : "Untitled",
        "transform" : [
          0.9910499,
          -3.4882728e-09,
          0.13349155,
          0,
          0.029868608,
          0.97464675,
          -0.22174692,
          0,
          -0.13010685,
          0.22374949,
          0.9659236,
          0,
          0.45466214,
          1.9106251,
          4.2689395,
          1
        ]
      },
      {
        "date" : 759463822.700791,
        "title" : "Untitled",
        "transform" : [
          0.9760711,
          -3.5438767e-09,
          -0.21745129,
          0,
          -0.04341529,
          0.9798662,
          -0.19487745,
          0,
          0.21307342,
          0.199655,
          0.95641917,
          0,
          1.9042116,
          1.807733,
          3.8545911,
          1
        ]
      }
    ]
  },
  "sceneViewportBackgroundColors" : {

  },
  "selectedSceneRelativePath" : "xrk\/Untitled Scene.usda"
}