{
  "advancedEditorSelectedIdentifier" : "ShaderGraphEditorPluginID",
  "openSceneRelativePaths" : [
    "Cloud.usda",
    "xrk\/Untitled Scene.usda"
  ],
  "recentIdentifiers" : {
    "6F0356C3-A010-42E9-AD64-DBC18EB5CB70" : [

    ]
  },
  "sceneCameraHistory" : {
    "6F0356C3-A010-42E9-AD64-DBC18EB5CB70" : [
      {
        "date" : 759445535.672284,
        "title" : "Untitled",
        "transform" : [
          0.5140103,
          -1.9371821e-08,
          0.857784,
          0,
          0.016784372,
          0.9998086,
          -0.010057702,
          0,
          -0.85761976,
          0.01956733,
          0.513912,
          0,
          -0.29237846,
          0.0066708424,
          0.17520224,
          1
        ]
      },
      {
        "date" : 759440209.817597,
        "title" : "Untitled",
        "transform" : [
          0.019276544,
          -1.4245445e-08,
          0.99981415,
          0,
          0.43899584,
          0.8984493,
          -0.008463919,
          0,
          -0.89828223,
          0.4390776,
          0.017319161,
          0,
          -0.30624112,
          0.14968969,
          0.0059045036,
          1
        ]
      },
      {
        "date" : 759439661.871143,
        "title" : "Untitled",
        "transform" : [
          0.055181336,
          -1.4220058e-08,
          0.9984763,
          0,
          0.4047603,
          0.9141491,
          -0.022369321,
          0,
          -0.9127562,
          0.40537816,
          0.05044413,
          0,
          -0.31117558,
          0.13820094,
          0.017197423,
          1
        ]
      },
      {
        "date" : 759439342.384915,
        "title" : "Untitled",
        "transform" : [
          0.4760474,
          -1.5248627e-08,
          0.8794196,
          0,
          0.47640362,
          0.84055585,
          -0.25788683,
          0,
          -0.7392011,
          0.5417253,
          0.40014455,
          0,
          -0.25200737,
          0.18468419,
          0.13641678,
          1
        ]
      },
      {
        "date" : 759439313.220725,
        "title" : "Untitled",
        "transform" : [
          0.014161287,
          -2.2088884e-08,
          0.99989974,
          0,
          0.3093498,
          0.9509383,
          -0.0043812427,
          0,
          -0.95084286,
          0.30938104,
          0.013466717,
          0,
          -0.32416,
          0.10547373,
          0.0045911274,
          1
        ]
      },
      {
        "date" : 759439299.296973,
        "title" : "Untitled",
        "transform" : [
          -0.1698384,
          -2.2022366e-08,
          0.98547196,
          0,
          0.3890089,
          0.9187913,
          0.067042634,
          0,
          -0.90544295,
          0.39474392,
          -0.15604581,
          0,
          -0.30868238,
          0.13457553,
          -0.05319885,
          1
        ]
      },
      {
        "date" : 759439297.878834,
        "title" : "Untitled",
        "transform" : [
          -0.1805547,
          -2.4119439e-08,
          0.98356503,
          0,
          0.40275362,
          0.9123176,
          0.07393416,
          0,
          -0.89732355,
          0.40948367,
          -0.16472302,
          0,
          -0.3059143,
          0.13960057,
          -0.05615707,
          1
        ]
      },
      {
        "date" : 759438839.532701,
        "title" : "Untitled",
        "transform" : [
          -0.024871517,
          -2.3404558e-08,
          0.9996907,
          0,
          0.122196,
          0.9925014,
          0.0030401275,
          0,
          -0.9921943,
          0.12223398,
          -0.02468482,
          0,
          -0.3382575,
          0.041671824,
          -0.008415442,
          1
        ]
      },
      {
        "date" : 759438834.147682,
        "title" : "Untitled",
        "transform" : [
          -0.019596992,
          -2.3357773e-08,
          0.999808,
          0,
          0.093770765,
          0.9955922,
          0.0018379651,
          0,
          -0.99540097,
          0.09378895,
          -0.019510416,
          0,
          -0.33935067,
          0.031974386,
          -0.0066513913,
          1
        ]
      },
      {
        "date" : 759438782.476835,
        "title" : "Untitled",
        "transform" : [
          -0.33014277,
          -2.2905937e-08,
          0.94393104,
          0,
          0.3829896,
          0.91398907,
          0.13395177,
          0,
          -0.8627426,
          0.40573913,
          -0.30174667,
          0,
          -0.294125,
          0.13832399,
          -0.10287097,
          1
        ]
      }
    ]
  },
  "sceneViewportBackgroundColors" : {

  },
  "selectedSceneRelativePath" : "xrk\/Untitled Scene.usda"
}