{
  "advancedEditorSelectedIdentifier" : "ProjectBrowser",
  "openSceneRelativePaths" : [
    "Cloud.usda",
    "xrk\/Untitled Scene.usda"
  ],
  "recentIdentifiers" : {
    "6F0356C3-A010-42E9-AD64-DBC18EB5CB70" : [

    ]
  },
  "sceneCameraHistory" : {
    "6F0356C3-A010-42E9-AD64-DBC18EB5CB70" : [
      {
        "date" : 759479825.280199,
        "title" : "Untitled",
        "transform" : [
          0.99988264,
          4.7518197e-06,
          0.015322671,
          0,
          0.0067446283,
          0.897776,
          -0.4404008,
          0,
          -0.013758399,
          0.44045246,
          0.89767057,
          0,
          0.15806626,
          2.7269976,
          4.482396,
          1
        ]
      },
      {
        "date" : 759478614.263788,
        "title" : "Untitled",
        "transform" : [
          0.9993148,
          4.751791e-06,
          -0.037013624,
          0,
          -0.01781957,
          0.876545,
          -0.48098993,
          0,
          0.032441843,
          0.4813199,
          0.8759445,
          0,
          0.38755125,
          2.930344,
          4.337772,
          1
        ]
      },
      {
        "date" : 759478613.09717,
        "title" : "Untitled",
        "transform" : [
          0.99940586,
          4.751692e-06,
          -0.034467276,
          0,
          -0.016628176,
          0.8759993,
          -0.48202577,
          0,
          0.030191036,
          0.4823125,
          0.8754789,
          0,
          0.37638292,
          2.9352684,
          4.3354254,
          1
        ]
      },
      {
        "date" : 759478608.353396,
        "title" : "Untitled",
        "transform" : [
          0.9945288,
          4.7513945e-06,
          0.1044629,
          0,
          0.03476383,
          0.94298714,
          -0.33100867,
          0,
          -0.09850874,
          0.33282918,
          0.93782777,
          0,
          -0.2724532,
          2.186405,
          4.7643237,
          1
        ]
      },
      {
        "date" : 759477747.226107,
        "title" : "Untitled",
        "transform" : [
          0.9945288,
          4.7513945e-06,
          0.1044629,
          0,
          0.03476383,
          0.94298714,
          -0.33100867,
          0,
          -0.09850874,
          0.33282918,
          0.93782777,
          0,
          0.26537544,
          1.9760981,
          3.0576563,
          1
        ]
      },
      {
        "date" : 759477735.894453,
        "title" : "Untitled",
        "transform" : [
          0.9866418,
          4.754441e-06,
          0.16290496,
          0,
          0.119746536,
          0.6779702,
          -0.7252705,
          0,
          -0.11044815,
          0.7350895,
          0.6689131,
          0,
          0.17026706,
          3.3412309,
          2.5495608,
          1
        ]
      },
      {
        "date" : 759477710.484839,
        "title" : "Untitled",
        "transform" : [
          0.97315437,
          4.7542694e-06,
          -0.23015356,
          0,
          -0.17163438,
          0.6662537,
          -0.72570497,
          0,
          0.1533372,
          0.7457252,
          0.6483685,
          0,
          1.1279969,
          3.3801775,
          2.2349713,
          1
        ]
      },
      {
        "date" : 759477705.65152,
        "title" : "Untitled",
        "transform" : [
          0.9936668,
          -4.538679e-09,
          0.112366244,
          0,
          0.029797705,
          0.9641978,
          -0.26350474,
          0,
          -0.10834309,
          0.2651841,
          0.9580915,
          0,
          0.23668197,
          1.7746437,
          3.057775,
          1
        ]
      },
      {
        "date" : 759477701.944659,
        "title" : "Untitled",
        "transform" : [
          0.9936668,
          -4.538679e-09,
          0.112366244,
          0,
          0.029797705,
          0.9641978,
          -0.26350474,
          0,
          -0.10834309,
          0.2651841,
          0.9580915,
          0,
          0.54734474,
          2.0884943,
          4.2413254,
          1
        ]
      },
      {
        "date" : 759469355.730624,
        "title" : "Untitled",
        "transform" : [
          0.99377,
          -4.1102934e-09,
          0.11145,
          0,
          0.051837634,
          0.8852474,
          -0.4622228,
          0,
          -0.098660626,
          0.46512043,
          0.87973243,
          0,
          0.5735839,
          2.9647565,
          4.041719,
          1
        ]
      }
    ]
  },
  "sceneViewportBackgroundColors" : {

  },
  "selectedSceneRelativePath" : "xrk\/Untitled Scene.usda"
}