{
  "advancedEditorSelectedIdentifier" : "ProjectBrowser",
  "openSceneRelativePaths" : [
    "Cloud.usda",
    "xrk\/MovieScene.usda",
    "xrk\/eltlongjlohng.usdc"
  ],
  "recentIdentifiers" : {
    "697EA62C-391C-4184-A45B-2557F8DF50C7" : [

    ],
    "6F0356C3-A010-42E9-AD64-DBC18EB5CB70" : [

    ],
    "916F2E70-40B8-4027-B5CB-91FC2BC864F1" : [

    ],
    "A53B7B1A-FEE9-4C14-9AA2-3491E64FFD78" : [

    ],
    "B6CBE02C-C97D-4F5B-91BF-7881656C81B6" : [

    ]
  },
  "sceneCameraHistory" : {
    "697EA62C-391C-4184-A45B-2557F8DF50C7" : [
      {
        "date" : 759575754.264212,
        "title" : "Untitled",
        "transform" : [
          0.9993197,
          -2.3734942e-10,
          0.03688077,
          0,
          0.017773725,
          0.87621295,
          -0.48159632,
          0,
          -0.032315418,
          0.48192438,
          0.8756168,
          0,
          -0.39953703,
          2.7284026,
          4.933119,
          1
        ]
      },
      {
        "date" : 759575727.522739,
        "title" : "Untitled",
        "transform" : [
          0.99655336,
          1.0874206e-09,
          -0.08295369,
          0,
          -0.04876544,
          0.80896014,
          -0.5858373,
          0,
          0.067106225,
          0.5878635,
          0.806172,
          0,
          0.1620113,
          3.3261507,
          4.566174,
          1
        ]
      },
      {
        "date" : 759575710.47987,
        "title" : "Untitled",
        "transform" : [
          0.99762106,
          1.0919806e-09,
          0.06893615,
          0,
          0.040427078,
          0.80999106,
          -0.5850473,
          0,
          -0.055837665,
          0.58644235,
          0.8080641,
          0,
          -1.476036,
          3.6553376,
          4.945467,
          1
        ]
      },
      {
        "date" : 759575704.972845,
        "title" : "Untitled",
        "transform" : [
          1,
          0,
          0,
          0,
          0,
          0.7071069,
          -0.70710677,
          0,
          0,
          0.70710677,
          0.7071069,
          0,
          0.010555137,
          3.253076,
          3.2530763,
          1
        ]
      }
    ],
    "6F0356C3-A010-42E9-AD64-DBC18EB5CB70" : [
      {
        "date" : 759479825.280199,
        "title" : "Untitled",
        "transform" : [
          0.99988264,
          4.7518197e-06,
          0.015322671,
          0,
          0.0067446283,
          0.897776,
          -0.4404008,
          0,
          -0.013758399,
          0.44045246,
          0.89767057,
          0,
          0.15806626,
          2.7269976,
          4.482396,
          1
        ]
      },
      {
        "date" : 759478614.263788,
        "title" : "Untitled",
        "transform" : [
          0.9993148,
          4.751791e-06,
          -0.037013624,
          0,
          -0.01781957,
          0.876545,
          -0.48098993,
          0,
          0.032441843,
          0.4813199,
          0.8759445,
          0,
          0.38755125,
          2.930344,
          4.337772,
          1
        ]
      },
      {
        "date" : 759478613.09717,
        "title" : "Untitled",
        "transform" : [
          0.99940586,
          4.751692e-06,
          -0.034467276,
          0,
          -0.016628176,
          0.8759993,
          -0.48202577,
          0,
          0.030191036,
          0.4823125,
          0.8754789,
          0,
          0.37638292,
          2.9352684,
          4.3354254,
          1
        ]
      },
      {
        "date" : 759478608.353396,
        "title" : "Untitled",
        "transform" : [
          0.9945288,
          4.7513945e-06,
          0.1044629,
          0,
          0.03476383,
          0.94298714,
          -0.33100867,
          0,
          -0.09850874,
          0.33282918,
          0.93782777,
          0,
          -0.2724532,
          2.186405,
          4.7643237,
          1
        ]
      },
      {
        "date" : 759477747.226107,
        "title" : "Untitled",
        "transform" : [
          0.9945288,
          4.7513945e-06,
          0.1044629,
          0,
          0.03476383,
          0.94298714,
          -0.33100867,
          0,
          -0.09850874,
          0.33282918,
          0.93782777,
          0,
          0.26537544,
          1.9760981,
          3.0576563,
          1
        ]
      },
      {
        "date" : 759477735.894453,
        "title" : "Untitled",
        "transform" : [
          0.9866418,
          4.754441e-06,
          0.16290496,
          0,
          0.119746536,
          0.6779702,
          -0.7252705,
          0,
          -0.11044815,
          0.7350895,
          0.6689131,
          0,
          0.17026706,
          3.3412309,
          2.5495608,
          1
        ]
      },
      {
        "date" : 759477710.484839,
        "title" : "Untitled",
        "transform" : [
          0.97315437,
          4.7542694e-06,
          -0.23015356,
          0,
          -0.17163438,
          0.6662537,
          -0.72570497,
          0,
          0.1533372,
          0.7457252,
          0.6483685,
          0,
          1.1279969,
          3.3801775,
          2.2349713,
          1
        ]
      },
      {
        "date" : 759477705.65152,
        "title" : "Untitled",
        "transform" : [
          0.9936668,
          -4.538679e-09,
          0.112366244,
          0,
          0.029797705,
          0.9641978,
          -0.26350474,
          0,
          -0.10834309,
          0.2651841,
          0.9580915,
          0,
          0.23668197,
          1.7746437,
          3.057775,
          1
        ]
      },
      {
        "date" : 759477701.944659,
        "title" : "Untitled",
        "transform" : [
          0.9936668,
          -4.538679e-09,
          0.112366244,
          0,
          0.029797705,
          0.9641978,
          -0.26350474,
          0,
          -0.10834309,
          0.2651841,
          0.9580915,
          0,
          0.54734474,
          2.0884943,
          4.2413254,
          1
        ]
      },
      {
        "date" : 759469355.730624,
        "title" : "Untitled",
        "transform" : [
          0.99377,
          -4.1102934e-09,
          0.11145,
          0,
          0.051837634,
          0.8852474,
          -0.4622228,
          0,
          -0.098660626,
          0.46512043,
          0.87973243,
          0,
          0.5735839,
          2.9647565,
          4.041719,
          1
        ]
      }
    ],
    "916F2E70-40B8-4027-B5CB-91FC2BC864F1" : [
      {
        "date" : 759576390.148363,
        "title" : "Untitled",
        "transform" : [
          0.6613094,
          -2.6357895e-08,
          -0.75011325,
          0,
          -0.44352227,
          0.806471,
          -0.39101493,
          0,
          0.6049446,
          0.5912736,
          0.53332686,
          0,
          2.0012212,
          1.7630444,
          -0.5622649,
          1
        ]
      },
      {
        "date" : 759576380.484987,
        "title" : "Untitled",
        "transform" : [
          0.7652605,
          5.473909e-09,
          -0.6437207,
          0,
          -0.6233834,
          0.24937586,
          -0.74108344,
          0,
          0.16052844,
          0.96840674,
          0.19083752,
          0,
          0.62486935,
          3.1315792,
          -1.022802,
          1
        ]
      },
      {
        "date" : 759576310.067787,
        "title" : "Untitled",
        "transform" : [
          0.9889815,
          -3.85698e-09,
          -0.14803895,
          0,
          0.008820711,
          0.9982233,
          0.05892713,
          0,
          0.14777596,
          -0.059583664,
          0.98722446,
          0,
          0.8278543,
          1.7983873,
          -1.0707226,
          1
        ]
      },
      {
        "date" : 759576307.272686,
        "title" : "Untitled",
        "transform" : [
          0.9889815,
          -3.85698e-09,
          -0.14803895,
          0,
          0.008820711,
          0.9982233,
          0.05892713,
          0,
          0.14777596,
          -0.059583664,
          0.98722446,
          0,
          0.8043751,
          1.8078542,
          -1.2275763,
          1
        ]
      },
      {
        "date" : 759568312.918227,
        "title" : "Untitled",
        "transform" : [
          0.9889815,
          -3.85698e-09,
          -0.14803895,
          0,
          0.008820711,
          0.9982233,
          0.05892713,
          0,
          0.14777596,
          -0.059583664,
          0.98722446,
          0,
          0.5723532,
          1.9014077,
          -2.777605,
          1
        ]
      },
      {
        "date" : 759567707.702698,
        "title" : "Untitled",
        "transform" : [
          0.9889815,
          -3.85698e-09,
          -0.14803895,
          0,
          0.008820711,
          0.9982233,
          0.05892713,
          0,
          0.14777596,
          -0.059583664,
          0.98722446,
          0,
          0.01418532,
          1.3890767,
          5.9847665,
          1
        ]
      },
      {
        "date" : 759567162.363382,
        "title" : "Untitled",
        "transform" : [
          0.99534345,
          -2.2294748e-09,
          0.096391514,
          0,
          0.01251544,
          0.991535,
          -0.12923498,
          0,
          -0.09557555,
          0.12983958,
          0.9869179,
          0,
          -2.2556329,
          2.9595933,
          9.029426,
          1
        ]
      },
      {
        "date" : 759567110.163648,
        "title" : "Untitled",
        "transform" : [
          0.99534345,
          -2.2294748e-09,
          0.096391514,
          0,
          0.01251544,
          0.991535,
          -0.12923498,
          0,
          -0.09557555,
          0.12983958,
          0.9869179,
          0,
          -2.2470713,
          3.6378667,
          8.941021,
          1
        ]
      },
      {
        "date" : 759567103.812462,
        "title" : "Untitled",
        "transform" : [
          0.99756354,
          -2.0807267e-09,
          -0.0697639,
          0,
          0.013729561,
          0.9804436,
          0.19632083,
          0,
          0.06839958,
          -0.19680032,
          0.9780548,
          0,
          -0.766318,
          0.69119257,
          8.748345,
          1
        ]
      },
      {
        "date" : 759567083.461499,
        "title" : "Untitled",
        "transform" : [
          0.970917,
          -1.6713589e-09,
          -0.23941657,
          0,
          0.019532362,
          0.9966665,
          0.07921047,
          0,
          0.23861848,
          -0.08158315,
          0.9676804,
          0,
          0.7085302,
          1.6940062,
          8.6155,
          1
        ]
      }
    ],
    "A53B7B1A-FEE9-4C14-9AA2-3491E64FFD78" : [
      {
        "date" : 759566866.957907,
        "title" : "Untitled",
        "transform" : [
          -0.059241332,
          -8.396889e-11,
          -0.99824363,
          0,
          -0.060126897,
          0.9981844,
          0.0035682647,
          0,
          0.9964312,
          0.060232677,
          -0.05913377,
          0,
          1.9890331,
          -0.48049578,
          0.3946542,
          1
        ]
      },
      {
        "date" : 759566860.808416,
        "title" : "Untitled",
        "transform" : [
          0.9018387,
          -4.3594714e-06,
          -0.43207276,
          0,
          0.0060358746,
          0.9999026,
          0.012588238,
          0,
          0.43203062,
          -0.013960499,
          0.90175086,
          0,
          1.2721908,
          -0.45546246,
          4.357856,
          1
        ]
      },
      {
        "date" : 759566845.5831,
        "title" : "Untitled",
        "transform" : [
          0.90183884,
          -4.359472e-06,
          -0.43207282,
          0,
          0.0060358746,
          0.9999026,
          0.012588238,
          0,
          0.43203068,
          -0.013960501,
          0.901751,
          0,
          0.8080282,
          -0.44046348,
          3.3890324,
          1
        ]
      },
      {
        "date" : 759566640.119394,
        "title" : "Untitled",
        "transform" : [
          0.89797544,
          -4.361199e-06,
          -0.44004574,
          0,
          -0.044102997,
          0.99496406,
          -0.090008244,
          0,
          0.4378301,
          0.10023253,
          0.89345306,
          0,
          0.99101794,
          3.1627214,
          3.1272008,
          1
        ]
      },
      {
        "date" : 759566634.623679,
        "title" : "Untitled",
        "transform" : [
          0.89797544,
          -4.361199e-06,
          -0.44004574,
          0,
          -0.044102997,
          0.99496406,
          -0.090008244,
          0,
          0.4378301,
          0.10023253,
          0.89345306,
          0,
          0.97036856,
          3.7963943,
          3.0850568,
          1
        ]
      },
      {
        "date" : 759566631.887857,
        "title" : "Untitled",
        "transform" : [
          0.89797544,
          -4.361199e-06,
          -0.44004574,
          0,
          -0.044102997,
          0.99496406,
          -0.090008244,
          0,
          0.4378301,
          0.10023253,
          0.89345306,
          0,
          1.3159151,
          3.8754992,
          3.7901907,
          1
        ]
      },
      {
        "date" : 759566628.255062,
        "title" : "Untitled",
        "transform" : [
          0.89797544,
          -4.361199e-06,
          -0.44004574,
          0,
          -0.044102997,
          0.99496406,
          -0.090008244,
          0,
          0.4378301,
          0.10023253,
          0.89345306,
          0,
          1.3046838,
          3.8729284,
          3.7672703,
          1
        ]
      },
      {
        "date" : 759566622.500841,
        "title" : "Untitled",
        "transform" : [
          0.89797544,
          -4.361199e-06,
          -0.44004574,
          0,
          -0.044102997,
          0.99496406,
          -0.090008244,
          0,
          0.4378301,
          0.10023253,
          0.89345306,
          0,
          1.285166,
          4.3132534,
          3.7274387,
          1
        ]
      },
      {
        "date" : 759566618.151363,
        "title" : "Untitled",
        "transform" : [
          0.89797544,
          -4.361199e-06,
          -0.44004574,
          0,
          -0.044102997,
          0.99496406,
          -0.090008244,
          0,
          0.4378301,
          0.10023253,
          0.89345306,
          0,
          1.3163217,
          3.6103795,
          3.7910235,
          1
        ]
      },
      {
        "date" : 759566613.561431,
        "title" : "Untitled",
        "transform" : [
          0.89797544,
          -4.361199e-06,
          -0.44004574,
          0,
          -0.044102997,
          0.99496406,
          -0.090008244,
          0,
          0.4378301,
          0.10023253,
          0.89345306,
          0,
          1.3546984,
          2.744588,
          3.8693457,
          1
        ]
      }
    ],
    "B6CBE02C-C97D-4F5B-91BF-7881656C81B6" : [
      {
        "date" : 759581630.62515,
        "title" : "Untitled",
        "transform" : [
          -0.09313576,
          4.613244e-09,
          -0.9956534,
          0,
          -0.2441598,
          0.96946603,
          0.022839244,
          0,
          0.9652522,
          0.2452256,
          -0.09029189,
          0,
          4.185312,
          1.1070354,
          -0.2559548,
          1
        ]
      },
      {
        "date" : 759580529.880351,
        "title" : "Untitled",
        "transform" : [
          -0.09313577,
          4.6132445e-09,
          -0.9956535,
          0,
          -0.2441598,
          0.96946603,
          0.022839244,
          0,
          0.9652522,
          0.2452256,
          -0.09029189,
          0,
          4.204375,
          1.0801241,
          -0.1252514,
          1
        ]
      },
      {
        "date" : 759579964.806345,
        "title" : "Untitled",
        "transform" : [
          -0.6217836,
          2.96553e-09,
          -0.7831891,
          0,
          -0.42613643,
          0.8390178,
          0.33831498,
          0,
          0.6571097,
          0.54410404,
          -0.5216875,
          0,
          3.0065932,
          2.3732874,
          -2.0462232,
          1
        ]
      },
      {
        "date" : 759579956.897416,
        "title" : "Untitled",
        "transform" : [
          -0.21443209,
          -7.469176e-09,
          -0.97673887,
          0,
          -0.2467696,
          0.96755874,
          0.054175496,
          0,
          0.94505227,
          0.2526464,
          -0.20747566,
          0,
          4.149143,
          1.1122551,
          -0.637672,
          1
        ]
      },
      {
        "date" : 759579945.737511,
        "title" : "Untitled",
        "transform" : [
          0.058054637,
          -7.473488e-09,
          -0.99831337,
          0,
          -0.25817087,
          0.9659827,
          -0.0150133455,
          0,
          0.9643533,
          0.25860694,
          0.05607976,
          0,
          4.1598825,
          1.1380631,
          0.5092298,
          1
        ]
      },
      {
        "date" : 759579915.357242,
        "title" : "Untitled",
        "transform" : [
          -0.8797758,
          -8.482768e-09,
          -0.4753888,
          0,
          -0.19293573,
          0.9139405,
          0.35705552,
          0,
          0.43447703,
          0.40584815,
          -0.8040627,
          0,
          2.1145885,
          1.7753516,
          -3.3519795,
          1
        ]
      },
      {
        "date" : 759579891.995807,
        "title" : "Untitled",
        "transform" : [
          -0.49331272,
          -8.738618e-09,
          -0.869852,
          0,
          -0.30368614,
          0.93707657,
          0.17222723,
          0,
          0.815118,
          0.34912375,
          -0.4622718,
          0,
          3.6593628,
          1.5298922,
          -1.7685075,
          1
        ]
      },
      {
        "date" : 759579888.038044,
        "title" : "Untitled",
        "transform" : [
          -0.49331272,
          -8.738618e-09,
          -0.869852,
          0,
          -0.30368614,
          0.93707657,
          0.17222723,
          0,
          0.815118,
          0.34912375,
          -0.4622718,
          0,
          3.5220978,
          1.5624206,
          -1.9859786,
          1
        ]
      },
      {
        "date" : 759579878.076129,
        "title" : "Untitled",
        "transform" : [
          -0.49296758,
          -8.738618e-09,
          -0.8700476,
          0,
          -0.30375445,
          0.93707657,
          0.17210674,
          0,
          0.81530136,
          0.34912375,
          -0.4619484,
          0,
          1.912178,
          0.84806234,
          -1.0772058,
          1
        ]
      },
      {
        "date" : 759579861.480362,
        "title" : "Untitled",
        "transform" : [
          -0.49296758,
          -8.738618e-09,
          -0.8700476,
          0,
          -0.30375445,
          0.93707657,
          0.17210674,
          0,
          0.81530136,
          0.34912375,
          -0.4619484,
          0,
          0.6841524,
          0.32220432,
          -0.3814092,
          1
        ]
      }
    ]
  },
  "sceneViewportBackgroundColors" : {

  },
  "selectedSceneRelativePath" : "xrk\/eltlongjlohng.usdc"
}