{
  "advancedEditorSelectedIdentifier" : "ProjectBrowser",
  "openSceneRelativePaths" : [
    "Cloud.usda",
    "xrk\/Untitled Scene.usda"
  ],
  "recentIdentifiers" : {
    "6F0356C3-A010-42E9-AD64-DBC18EB5CB70" : [

    ]
  },
  "sceneCameraHistory" : {
    "6F0356C3-A010-42E9-AD64-DBC18EB5CB70" : [
      {
        "date" : 759463797.053159,
        "title" : "Untitled",
        "transform" : [
          0.82202935,
          -3.2079708e-09,
          -0.56944513,
          0,
          -0.06605137,
          0.9932501,
          -0.09534915,
          0,
          0.56560165,
          0.11599246,
          0.81648064,
          0,
          3.281412,
          1.4588208,
          2.9663825,
          1
        ]
      },
      {
        "date" : 759463780.461787,
        "title" : "Untitled",
        "transform" : [
          0.9383558,
          -1.103607e-08,
          -0.34567103,
          0,
          -0.105940446,
          0.9518779,
          -0.28758493,
          0,
          0.32903686,
          0.30647758,
          0.89320004,
          0,
          2.3825445,
          2.2875614,
          3.550918,
          1
        ]
      },
      {
        "date" : 759463759.131536,
        "title" : "Untitled",
        "transform" : [
          0.95814,
          -1.2136804e-08,
          -0.28630048,
          0,
          0.0086026825,
          0.9995484,
          0.028790094,
          0,
          0.2861714,
          -0.030047832,
          0.9577072,
          0,
          2.2105193,
          0.8213093,
          3.8762128,
          1
        ]
      },
      {
        "date" : 759462742.269547,
        "title" : "Untitled",
        "transform" : [
          0.9893284,
          -1.2241397e-08,
          -0.14570338,
          0,
          -0.03138866,
          0.97651976,
          -0.21312925,
          0,
          0.14228241,
          0.21542828,
          0.9660986,
          0,
          1.5822831,
          1.8598986,
          3.82402,
          1
        ]
      },
      {
        "date" : 759462630.857902,
        "title" : "Untitled",
        "transform" : [
          0.9988669,
          -1.1046128e-08,
          -0.047590423,
          0,
          -0.018795723,
          0.91870403,
          -0.3944993,
          0,
          0.043721683,
          0.39494684,
          0.9176631,
          0,
          1.1834438,
          2.5911083,
          3.653634,
          1
        ]
      },
      {
        "date" : 759462531.711634,
        "title" : "Untitled",
        "transform" : [
          0.9746389,
          -1.1272583e-08,
          -0.2237833,
          0,
          -0.05191981,
          0.9727136,
          -0.22612514,
          0,
          0.2176772,
          0.23200916,
          0.9480444,
          0,
          1.8759403,
          1.9279965,
          3.6648827,
          1
        ]
      },
      {
        "date" : 759462523.341707,
        "title" : "Untitled",
        "transform" : [
          0.65530694,
          -8.542575e-09,
          -0.7553628,
          0,
          -0.07225369,
          0.9954145,
          -0.06268287,
          0,
          0.7518992,
          0.09565427,
          0.6523019,
          0,
          3.7854335,
          1.3648434,
          1.9492562,
          1
        ]
      },
      {
        "date" : 759462511.676726,
        "title" : "Untitled",
        "transform" : [
          0.99988776,
          -7.772559e-09,
          0.0149841895,
          0,
          0.0045592254,
          0.95258594,
          -0.30423576,
          0,
          -0.014273678,
          0.3042699,
          0.9524789,
          0,
          0.9518621,
          2.2098703,
          3.7685986,
          1
        ]
      },
      {
        "date" : 759460634.698658,
        "title" : "Untitled",
        "transform" : [
          0.8042042,
          -7.7707165e-09,
          -0.5943531,
          0,
          -0.17827487,
          0.95395565,
          -0.24121922,
          0,
          0.5669865,
          0.29994774,
          0.7671751,
          0,
          3.0479002,
          2.1928272,
          2.4276974,
          1
        ]
      },
      {
        "date" : 759460606.592213,
        "title" : "Untitled",
        "transform" : [
          0.58829576,
          -8.50616e-09,
          -0.80864584,
          0,
          -0.21911427,
          0.9625894,
          -0.15940723,
          0,
          0.7783939,
          0.27096444,
          0.5662872,
          0,
          3.6498952,
          2.0787418,
          1.4085193,
          1
        ]
      }
    ]
  },
  "sceneViewportBackgroundColors" : {

  },
  "selectedSceneRelativePath" : "xrk\/Untitled Scene.usda"
}