{
  "advancedEditorSelectedIdentifier" : "BehaviorsPluginID",
  "openSceneRelativePaths" : [
    "Cloud.usda",
    "xrk\/MovieScene.usda"
  ],
  "recentIdentifiers" : {
    "916F2E70-40B8-4027-B5CB-91FC2BC864F1" : [

    ]
  },
  "sceneCameraHistory" : {
    "916F2E70-40B8-4027-B5CB-91FC2BC864F1" : [
      {
        "date" : 759514835.913451,
        "title" : "Untitled",
        "transform" : [
          -0.15468396,
          9.118373e-12,
          -0.98796403,
          0,
          -0.0033823915,
          0.9999942,
          0.0005295756,
          0,
          0.9879582,
          0.0034235977,
          -0.15468304,
          0,
          2.893094,
          1.6047643,
          0.70595336,
          1
        ]
      },
      {
        "date" : 759514823.231696,
        "title" : "Untitled",
        "transform" : [
          -0.14123872,
          7.429597e-10,
          -0.98997563,
          0,
          -0.043848924,
          0.9990186,
          0.006255878,
          0,
          0.989004,
          0.044292934,
          -0.14110011,
          0,
          2.5446854,
          1.6413075,
          0.9434839,
          1
        ]
      },
      {
        "date" : 759514753.753656,
        "title" : "Untitled",
        "transform" : [
          0.18456678,
          -3.7805655e-06,
          -0.98282,
          0,
          -0.11030954,
          0.99368125,
          -0.020719191,
          0,
          0.9766098,
          0.11223849,
          0.18340014,
          0,
          1.6831816,
          1.785697,
          2.0358794,
          1
        ]
      },
      {
        "date" : 759514516.135921,
        "title" : "Untitled",
        "transform" : [
          1,
          0,
          0,
          0,
          0,
          1,
          0,
          0,
          0,
          0,
          1,
          0,
          -1.1920929e-07,
          1.8023808,
          5.076843,
          1
        ]
      },
      {
        "date" : 759513965.400755,
        "title" : "Untitled",
        "transform" : [
          1,
          0,
          0,
          0,
          0,
          1,
          0,
          0,
          0,
          0,
          1,
          0,
          -5.373342e-06,
          2.2351558,
          0.20441349,
          1
        ]
      },
      {
        "date" : 759513958.207639,
        "title" : "Untitled",
        "transform" : [
          1,
          0,
          0,
          0,
          0,
          1,
          0,
          0,
          0,
          0,
          1,
          0,
          0,
          1.6315098,
          0.15117681,
          1
        ]
      },
      {
        "date" : 759513916.865353,
        "title" : "Untitled",
        "transform" : [
          0.99444675,
          6.5387074e-10,
          0.10524061,
          0,
          0.005493963,
          0.9986365,
          -0.051913932,
          0,
          -0.105097115,
          0.052203827,
          0.99309075,
          0,
          -0.40456834,
          1.5405146,
          1.8089613,
          1
        ]
      },
      {
        "date" : 759513903.369903,
        "title" : "Untitled",
        "transform" : [
          0.99960446,
          1.3143175e-10,
          0.028125593,
          0,
          -0.0009510285,
          0.99942815,
          0.033800256,
          0,
          -0.028109511,
          -0.033813633,
          0.99903286,
          0,
          -0.025081726,
          10.14937,
          0.9117201,
          1
        ]
      },
      {
        "date" : 759513806.898919,
        "title" : "Untitled",
        "transform" : [
          0.9981782,
          1.5045858e-10,
          0.060335197,
          0,
          0.0028911324,
          0.99885136,
          -0.047830544,
          0,
          -0.06026589,
          0.04791784,
          0.99703157,
          0,
          -0.5660284,
          1.4928929,
          1.3286225,
          1
        ]
      },
      {
        "date" : 759513791.770566,
        "title" : "Untitled",
        "transform" : [
          0.9988295,
          -3.581137e-10,
          0.048369937,
          0,
          0.0065062717,
          0.99091214,
          -0.1343532,
          0,
          -0.047930356,
          0.13451065,
          0.9897523,
          0,
          -0.57164335,
          1.4474066,
          1.9279286,
          1
        ]
      }
    ]
  },
  "sceneViewportBackgroundColors" : {

  },
  "selectedSceneRelativePath" : "xrk\/MovieScene.usda"
}