{
  "advancedEditorSelectedIdentifier" : "ProjectBrowser",
  "openSceneRelativePaths" : [
    "Cloud.usda",
    "xrk\/MovieScene.usda",
    "xrk\/Rocket.usda",
    "xrk\/Text.usdc",
    "xrk\/Text 1.usdc"
  ],
  "recentIdentifiers" : {
    "1B856E2B-E6B1-4E96-B4CB-3E6B11C62FCC" : [

    ],
    "6F0356C3-A010-42E9-AD64-DBC18EB5CB70" : [

    ],
    "916F2E70-40B8-4027-B5CB-91FC2BC864F1" : [

    ],
    "A53B7B1A-FEE9-4C14-9AA2-3491E64FFD78" : [

    ]
  },
  "sceneCameraHistory" : {
    "1B856E2B-E6B1-4E96-B4CB-3E6B11C62FCC" : [
      {
        "date" : 759554450.147622,
        "title" : "Untitled",
        "transform" : [
          0.9612419,
          2.076467e-09,
          -0.27570632,
          0,
          -0.024287574,
          0.9961122,
          -0.0846779,
          0,
          0.27463445,
          0.088092186,
          0.95750487,
          0,
          -0.07741022,
          0.6697099,
          5.5697274,
          1
        ]
      },
      {
        "date" : 759554448.634611,
        "title" : "Untitled",
        "transform" : [
          0.968563,
          1.6141481e-09,
          -0.2487682,
          0,
          -0.032657802,
          0.9913455,
          -0.12715106,
          0,
          0.24661523,
          0.13127804,
          0.96018064,
          0,
          -0.27761087,
          0.9920793,
          5.62265,
          1
        ]
      },
      {
        "date" : 759554430.503677,
        "title" : "Untitled",
        "transform" : [
          0.9881434,
          2.0200494e-07,
          -0.15353365,
          0,
          -0.038549915,
          0.9679655,
          -0.24810618,
          0,
          0.14861523,
          0.2510832,
          0.9564887,
          0,
          -0.27761087,
          0.9920793,
          5.62265,
          1
        ]
      },
      {
        "date" : 759554416.024915,
        "title" : "Untitled",
        "transform" : [
          0.9999274,
          -2.4342875e-11,
          0.01204723,
          0,
          0.0002375618,
          0.99980557,
          -0.019717772,
          0,
          -0.012044888,
          0.019719202,
          0.999733,
          0,
          0.59586793,
          0.8103546,
          3.1215386,
          1
        ]
      },
      {
        "date" : 759554404.848093,
        "title" : "Untitled",
        "transform" : [
          0.9596867,
          -1.6584827e-09,
          0.2810718,
          0,
          0.042798094,
          0.9883393,
          -0.14612906,
          0,
          -0.27779433,
          0.15226746,
          0.9484961,
          0,
          -0.37547705,
          1.1862352,
          2.3607032,
          1
        ]
      },
      {
        "date" : 759554387.470378,
        "title" : "Untitled",
        "transform" : [
          0.9989142,
          -5.9512875e-09,
          0.04658966,
          0,
          0.022627449,
          0.8741394,
          -0.48514783,
          0,
          -0.04072585,
          0.48567516,
          0.8731901,
          0,
          -1.8985612,
          5.998077,
          11.936655,
          1
        ]
      },
      {
        "date" : 759554380.962122,
        "title" : "Untitled",
        "transform" : [
          0.9989141,
          -2.0787598e-09,
          0.04658965,
          0,
          0.010842071,
          0.97254527,
          -0.23246117,
          0,
          -0.04531056,
          0.23271386,
          0.9714892,
          0,
          0.3305232,
          1.390167,
          2.155722,
          1
        ]
      },
      {
        "date" : 759554373.654654,
        "title" : "Untitled",
        "transform" : [
          0.97188514,
          -2.2478714e-09,
          0.2354554,
          0,
          0.10410564,
          0.8969432,
          -0.429715,
          0,
          -0.21119012,
          0.44214588,
          0.8717258,
          0,
          0,
          1.8287902,
          1.8287904,
          1
        ]
      }
    ],
    "3D6D075F-5B25-461A-8CE5-65628BD0ECCB" : [
      {
        "date" : 759555323.693125,
        "title" : "Untitled",
        "transform" : [
          0.9994859,
          5.423684e-10,
          0.032061048,
          0,
          0.022063516,
          0.72554755,
          -0.6878183,
          0,
          -0.023261813,
          0.68817204,
          0.72517455,
          0,
          -0.4296506,
          2.357766,
          2.6298552,
          1
        ]
      }
    ],
    "6F0356C3-A010-42E9-AD64-DBC18EB5CB70" : [
      {
        "date" : 759547655.4894,
        "title" : "Untitled",
        "transform" : [
          0.84023196,
          3.1300567e-09,
          -0.5422271,
          0,
          0.03654809,
          0.9977258,
          0.05663471,
          0,
          0.540994,
          -0.06740366,
          0.83832115,
          0,
          0.105305865,
          -0.009320214,
          0.15313071,
          1
        ]
      },
      {
        "date" : 759547592.615872,
        "title" : "Untitled",
        "transform" : [
          0.8402319,
          3.3222223e-09,
          -0.5422271,
          0,
          0.03654809,
          0.9977258,
          0.056634706,
          0,
          0.540994,
          -0.06740365,
          0.83832103,
          0,
          0.2324804,
          0.08003786,
          0.42978382,
          1
        ]
      },
      {
        "date" : 759546936.774096,
        "title" : "Untitled",
        "transform" : [
          0.78348714,
          6.868511e-07,
          -0.621408,
          0,
          -0.062379368,
          0.9949489,
          -0.078648396,
          0,
          0.61826915,
          0.10038306,
          0.7795297,
          0,
          0.2324804,
          0.08003786,
          0.42978382,
          1
        ]
      },
      {
        "date" : 759542124.240567,
        "title" : "Untitled",
        "transform" : [
          0.78348714,
          6.868511e-07,
          -0.621408,
          0,
          -0.062379368,
          0.9949489,
          -0.078648396,
          0,
          0.61826915,
          0.10038306,
          0.7795297,
          0,
          0.35404578,
          0.121890135,
          0.6545203,
          1
        ]
      },
      {
        "date" : 759542110.771928,
        "title" : "Untitled",
        "transform" : [
          -0.8791617,
          5.873672e-09,
          -0.47652355,
          0,
          -0.17027202,
          0.93398154,
          0.31414318,
          0,
          0.44506425,
          0.3573212,
          -0.82112074,
          0,
          0.7783373,
          0.2655144,
          -0.28225222,
          1
        ]
      },
      {
        "date" : 759542106.956521,
        "title" : "Untitled",
        "transform" : [
          -0.06998704,
          2.4844211e-09,
          0.99754786,
          0,
          0.72387403,
          0.6880604,
          0.050786354,
          0,
          -0.68637323,
          0.72565335,
          -0.048155345,
          0,
          -0.404092,
          0.50683135,
          -0.57948667,
          1
        ]
      },
      {
        "date" : 759542105.240893,
        "title" : "Untitled",
        "transform" : [
          0.20847921,
          2.0004929e-09,
          0.9780266,
          0,
          0.48243955,
          0.86987144,
          -0.10283831,
          0,
          -0.85075754,
          0.49327844,
          0.18135011,
          0,
          -0.51890594,
          0.3445295,
          -0.4191891,
          1
        ]
      },
      {
        "date" : 759542101.813176,
        "title" : "Untitled",
        "transform" : [
          0.9392104,
          1.387817e-09,
          0.34334192,
          0,
          0.08757305,
          0.966925,
          -0.23955573,
          0,
          -0.3319859,
          0.25506073,
          0.9081461,
          0,
          -0.15657087,
          0.17814678,
          0.08844037,
          1
        ]
      },
      {
        "date" : 759537793.824236,
        "title" : "Untitled",
        "transform" : [
          0.98758405,
          -1.3625935e-07,
          0.15709142,
          0,
          0.022207474,
          0.98995745,
          -0.1396105,
          0,
          -0.15551381,
          0.1413657,
          0.9776662,
          0,
          -0.17080703,
          0.2248893,
          0.67054886,
          1
        ]
      },
      {
        "date" : 759537343.112082,
        "title" : "Untitled",
        "transform" : [
          0.33860764,
          3.0819787e-12,
          0.9409276,
          0,
          0.22292046,
          0.97153026,
          -0.080221444,
          0,
          -0.9141397,
          0.23691563,
          0.32896757,
          0,
          -0.62920684,
          0.23525323,
          0.012847502,
          1
        ]
      }
    ],
    "916F2E70-40B8-4027-B5CB-91FC2BC864F1" : [
      {
        "date" : 759595450.463844,
        "title" : "Untitled",
        "transform" : [
          0.4330633,
          0.00041358956,
          -0.90136343,
          0,
          0.5761104,
          0.7689515,
          0.27714714,
          0,
          0.69321924,
          -0.6393071,
          0.33276632,
          0,
          -0.28564042,
          -2.2932184,
          -2.7757525,
          1
        ]
      },
      {
        "date" : 759595443.346978,
        "title" : "Untitled",
        "transform" : [
          0.93376863,
          8.1312335e-09,
          0.35787734,
          0,
          0.13929248,
          0.92114544,
          -0.3634402,
          0,
          -0.32965702,
          0.3892186,
          0.86013675,
          0,
          -0.60174495,
          -1.7715855,
          -2.6976726,
          1
        ]
      },
      {
        "date" : 759595372.646203,
        "title" : "Untitled",
        "transform" : [
          0.9968274,
          6.5015313e-09,
          -0.07959332,
          0,
          -0.019273805,
          0.97023803,
          -0.24138464,
          0,
          0.077224545,
          0.24215287,
          0.96716,
          0,
          -1.7254287,
          -1.3942015,
          -2.4201546,
          1
        ]
      },
      {
        "date" : 759595370.585269,
        "title" : "Untitled",
        "transform" : [
          0.98535585,
          6.180127e-09,
          -0.17051026,
          0,
          -0.0066598705,
          0.9992369,
          -0.0384862,
          0,
          0.17038022,
          0.03905814,
          0.984604,
          0,
          -1.2808449,
          -2.3097475,
          -2.1462321,
          1
        ]
      },
      {
        "date" : 759595367.545141,
        "title" : "Untitled",
        "transform" : [
          0.9653372,
          3.8140793e-09,
          0.26100627,
          0,
          0.0057959533,
          0.9997534,
          -0.02143664,
          0,
          -0.2609418,
          0.02220632,
          0.9650991,
          0,
          -3.2124674,
          -2.3862514,
          -2.805952,
          1
        ]
      },
      {
        "date" : 759595364.531512,
        "title" : "Untitled",
        "transform" : [
          0.14935261,
          4.0539243e-09,
          0.9887841,
          0,
          -0.011295727,
          0.99993473,
          0.0017061344,
          0,
          -0.9887196,
          -0.011423897,
          0.14934294,
          0,
          -5.442623,
          -2.539308,
          -7.4836955,
          1
        ]
      },
      {
        "date" : 759595358.813689,
        "title" : "Untitled",
        "transform" : [
          -0.99963576,
          4.052556e-09,
          0.026990375,
          0,
          -0.0002988311,
          0.99993867,
          -0.011069503,
          0,
          -0.026988786,
          -0.011073583,
          -0.9995745,
          0,
          -0.27574468,
          -2.537671,
          -12.289242,
          1
        ]
      },
      {
        "date" : 759595354.030663,
        "title" : "Untitled",
        "transform" : [
          0.4521898,
          3.682906e-09,
          -0.89192176,
          0,
          -0.3760856,
          0.9067551,
          -0.19066922,
          0,
          0.80875456,
          0.4216576,
          0.41002533,
          0,
          0.9778644,
          -0.6294719,
          -4.5342474,
          1
        ]
      },
      {
        "date" : 759595350.397552,
        "title" : "Untitled",
        "transform" : [
          0.2924913,
          -3.1620218e-10,
          -0.95626813,
          0,
          -0.20417862,
          0.9769395,
          -0.062451568,
          0,
          0.9342163,
          0.21351609,
          0.2857463,
          0,
          1.5953801,
          -1.4757208,
          -4.99625,
          1
        ]
      },
      {
        "date" : 759595347.881933,
        "title" : "Untitled",
        "transform" : [
          0.9660473,
          1.5646116e-09,
          -0.25836512,
          0,
          -0.09661636,
          0.92744774,
          -0.36125606,
          0,
          0.23962015,
          0.37395275,
          0.89595836,
          0,
          0.7439918,
          -0.99487567,
          -1.8925207,
          1
        ]
      }
    ],
    "A53B7B1A-FEE9-4C14-9AA2-3491E64FFD78" : [
      {
        "date" : 759540089.572677,
        "title" : "Untitled",
        "transform" : [
          -0.070422076,
          -9.75828e-06,
          -0.9975173,
          0,
          -0.15420651,
          0.9879787,
          0.010876906,
          0,
          0.9855257,
          0.15458964,
          -0.069577016,
          0,
          3.180134,
          1.729889,
          0.76491344,
          1
        ]
      },
      {
        "date" : 759540086.023892,
        "title" : "Untitled",
        "transform" : [
          -0.070422076,
          -9.75828e-06,
          -0.9975173,
          0,
          -0.15420651,
          0.9879787,
          0.010876906,
          0,
          0.9855257,
          0.15458964,
          -0.069577016,
          0,
          0.1261523,
          1.250842,
          0.98052067,
          1
        ]
      },
      {
        "date" : 759540084.971903,
        "title" : "Untitled",
        "transform" : [
          -0.070422076,
          -9.75828e-06,
          -0.9975173,
          0,
          -0.15420651,
          0.9879787,
          0.010876906,
          0,
          0.9855257,
          0.15458964,
          -0.069577016,
          0,
          0.081961654,
          1.2445793,
          0.98302424,
          1
        ]
      }
    ]
  },
  "sceneViewportBackgroundColors" : {

  },
  "selectedSceneRelativePath" : "xrk\/MovieScene.usda"
}