{
  "advancedEditorSelectedIdentifier" : "BehaviorsPluginID",
  "openSceneRelativePaths" : [
    "Cloud.usda",
    "xrk\/MovieScene.usda",
    "xrk\/Untitled Scene.usda"
  ],
  "recentIdentifiers" : {
    "6F0356C3-A010-42E9-AD64-DBC18EB5CB70" : [

    ],
    "916F2E70-40B8-4027-B5CB-91FC2BC864F1" : [

    ]
  },
  "sceneCameraHistory" : {
    "6F0356C3-A010-42E9-AD64-DBC18EB5CB70" : [
      {
        "date" : 759526632.394395,
        "title" : "Untitled",
        "transform" : [
          0.999997,
          -1.985893e-10,
          -0.0024449732,
          0,
          -0.00024519867,
          0.9949586,
          -0.100286625,
          0,
          0.0024326472,
          0.10028692,
          0.9949556,
          0,
          0.008115888,
          1.5972288,
          3.2491965,
          1
        ]
      },
      {
        "date" : 759526628.647128,
        "title" : "Untitled",
        "transform" : [
          0.999997,
          -1.9244156e-10,
          -0.0024449734,
          0,
          -0.00024519867,
          0.9949586,
          -0.100286625,
          0,
          0.0024326472,
          0.10028692,
          0.9949556,
          0,
          -0.5468365,
          1.0491002,
          2.0933661,
          1
        ]
      },
      {
        "date" : 759526610.518406,
        "title" : "Untitled",
        "transform" : [
          0.99996716,
          -8.277873e-11,
          -0.008102659,
          0,
          -0.0067754677,
          0.5484202,
          -0.8361755,
          0,
          0.004443662,
          0.836203,
          0.54840213,
          0,
          -0.0034387694,
          0.23227172,
          0.1118525,
          1
        ]
      },
      {
        "date" : 759526608.311441,
        "title" : "Untitled",
        "transform" : [
          1,
          0,
          0,
          0,
          0,
          0.7071069,
          -0.70710677,
          0,
          0,
          0.70710677,
          0.7071069,
          0,
          -0.004705672,
          0.1955938,
          0.15585634,
          1
        ]
      },
      {
        "date" : 759526606.965821,
        "title" : "Untitled",
        "transform" : [
          1,
          0,
          0,
          0,
          0,
          0.7071069,
          -0.70710677,
          0,
          0,
          0.70710677,
          0.7071069,
          0,
          -0.0043569794,
          0.3166144,
          0.27982152,
          1
        ]
      }
    ],
    "916F2E70-40B8-4027-B5CB-91FC2BC864F1" : [
      {
        "date" : 759528353.377715,
        "title" : "Untitled",
        "transform" : [
          0.12170638,
          -8.644897e-08,
          0.99256617,
          0,
          0.49118668,
          0.86896956,
          -0.060228202,
          0,
          -0.8625098,
          0.49486545,
          0.10575918,
          0,
          -1.8566037,
          2.6707428,
          -0.37992883,
          1
        ]
      },
      {
        "date" : 759521417.952819,
        "title" : "Untitled",
        "transform" : [
          0.9995642,
          -1.3181017e-10,
          0.029523559,
          0,
          0.006689946,
          0.9739887,
          -0.22649811,
          0,
          -0.028755609,
          0.22659688,
          0.9735641,
          0,
          -0.18101563,
          2.004346,
          1.1173319,
          1
        ]
      },
      {
        "date" : 759520569.693753,
        "title" : "Untitled",
        "transform" : [
          0.99853396,
          -1.6864312e-09,
          0.05412973,
          0,
          0.019847704,
          0.93035144,
          -0.3661316,
          0,
          -0.05035967,
          0.36666918,
          0.92898744,
          0,
          -0.10234596,
          2.2725837,
          1.5478537,
          1
        ]
      },
      {
        "date" : 759520338.087312,
        "title" : "Untitled",
        "transform" : [
          0.1394166,
          -0.000109723704,
          0.9902338,
          0,
          0.52649343,
          0.84694976,
          -0.07403201,
          0,
          -0.83867013,
          0.5316729,
          0.11813663,
          0,
          -1.7741826,
          2.20344,
          0.10787807,
          1
        ]
      },
      {
        "date" : 759520329.621022,
        "title" : "Untitled",
        "transform" : [
          0.63349855,
          -2.7029e-06,
          0.77374387,
          0,
          0.23385297,
          0.95323384,
          -0.1914625,
          0,
          -0.73755836,
          0.30223355,
          0.603873,
          0,
          -0.69422346,
          1.3841956,
          0.38144577,
          1
        ]
      },
      {
        "date" : 759520326.884461,
        "title" : "Untitled",
        "transform" : [
          0.6684352,
          -2.700416e-06,
          0.7437703,
          0,
          0.07558924,
          0.99482244,
          -0.06792934,
          0,
          -0.7399193,
          0.10162741,
          0.6649747,
          0,
          -0.70685494,
          1.2195172,
          0.44077864,
          1
        ]
      },
      {
        "date" : 759520318.092125,
        "title" : "Untitled",
        "transform" : [
          0.9999973,
          0.0006915147,
          -0.0022159892,
          0,
          -0.0020334984,
          0.7213834,
          -0.692533,
          0,
          0.0011196809,
          0.6925356,
          0.7213828,
          0,
          0.042871054,
          1.9967884,
          1.0578909,
          1
        ]
      },
      {
        "date" : 759520307.656009,
        "title" : "Untitled",
        "transform" : [
          0.9999973,
          0.0006915147,
          -0.0022159892,
          0,
          -0.0020334984,
          0.7213834,
          -0.692533,
          0,
          0.0011196809,
          0.6925356,
          0.7213828,
          0,
          0.12156408,
          5.2949266,
          3.0089066,
          1
        ]
      },
      {
        "date" : 759520299.069727,
        "title" : "Untitled",
        "transform" : [
          0.5498851,
          2.7548044e-09,
          -0.83524024,
          0,
          -0.17771216,
          0.97710276,
          -0.1169978,
          0,
          0.8161156,
          0.21276772,
          0.5372943,
          0,
          1.2953439,
          0.7945091,
          0.6732661,
          1
        ]
      },
      {
        "date" : 759520288.691058,
        "title" : "Untitled",
        "transform" : [
          0.91773915,
          -3.3507666e-10,
          0.3971837,
          0,
          0.036988966,
          0.9956541,
          -0.085467316,
          0,
          -0.39545754,
          0.093128115,
          0.9137507,
          0,
          -0.91730124,
          1.2751524,
          0.8474335,
          1
        ]
      }
    ]
  },
  "sceneViewportBackgroundColors" : {

  },
  "selectedSceneRelativePath" : "xrk\/MovieScene.usda"
}