{
  "advancedEditorSelectedIdentifier" : "ShaderGraphEditorPluginID",
  "openSceneRelativePaths" : [
    "Cloud.usda",
    "xrk\/MovieScene.usda",
    "xrk\/Rocket.usda",
    "xrk\/Theatre.usdc"
  ],
  "recentIdentifiers" : {
    "6F0356C3-A010-42E9-AD64-DBC18EB5CB70" : [

    ],
    "916F2E70-40B8-4027-B5CB-91FC2BC864F1" : [

    ],
    "A53B7B1A-FEE9-4C14-9AA2-3491E64FFD78" : [

    ]
  },
  "sceneCameraHistory" : {
    "6F0356C3-A010-42E9-AD64-DBC18EB5CB70" : [
      {
        "date" : 759537793.824236,
        "title" : "Untitled",
        "transform" : [
          0.98758405,
          -1.3625935e-07,
          0.15709142,
          0,
          0.022207474,
          0.98995745,
          -0.1396105,
          0,
          -0.15551381,
          0.1413657,
          0.9776662,
          0,
          -0.17080703,
          0.2248893,
          0.67054886,
          1
        ]
      },
      {
        "date" : 759537343.112082,
        "title" : "Untitled",
        "transform" : [
          0.33860764,
          3.0819787e-12,
          0.9409276,
          0,
          0.22292046,
          0.97153026,
          -0.080221444,
          0,
          -0.9141397,
          0.23691563,
          0.32896757,
          0,
          -0.62920684,
          0.23525323,
          0.012847502,
          1
        ]
      },
      {
        "date" : 759537331.573563,
        "title" : "Untitled",
        "transform" : [
          0.678206,
          -1.7221495e-09,
          0.7348718,
          0,
          -0.41754946,
          0.8228949,
          0.38535234,
          0,
          -0.60472226,
          -0.5681936,
          0.5580923,
          0,
          -0.15152322,
          -0.142343,
          0.21649538,
          1
        ]
      },
      {
        "date" : 759537324.597444,
        "title" : "Untitled",
        "transform" : [
          0.37778777,
          3.5773317e-07,
          0.92589223,
          0,
          0.42153895,
          0.890349,
          -0.17199904,
          0,
          -0.8243672,
          0.45527872,
          0.33636278,
          0,
          -0.29652044,
          0.20394102,
          0.014357474,
          1
        ]
      },
      {
        "date" : 759537317.698635,
        "title" : "Untitled",
        "transform" : [
          0.24209815,
          -7.5695125e-06,
          0.9702518,
          0,
          0.5056961,
          0.8534349,
          -0.12617512,
          0,
          -0.8280458,
          0.5211993,
          0.20661885,
          0,
          -0.28705844,
          0.21499604,
          0.0009385352,
          1
        ]
      },
      {
        "date" : 759537309.331182,
        "title" : "Untitled",
        "transform" : [
          0.99874765,
          -0.005538372,
          -0.04972523,
          0,
          -0.034769155,
          0.6378309,
          -0.76939124,
          0,
          0.03597746,
          0.77015656,
          0.6368395,
          0,
          -0.1868898,
          0.6854706,
          0.38022074,
          1
        ]
      },
      {
        "date" : 759537306.951329,
        "title" : "Untitled",
        "transform" : [
          0.96256536,
          -0.0018470217,
          0.2710435,
          0,
          0.23850125,
          0.48088863,
          -0.84371996,
          0,
          -0.12878336,
          0.87677974,
          0.4633272,
          0,
          0.01896877,
          0.26012442,
          0.102560304,
          1
        ]
      },
      {
        "date" : 759537294.057135,
        "title" : "Untitled",
        "transform" : [
          -0.78438157,
          -0.0017912593,
          0.62027586,
          0,
          0.44279256,
          0.69866765,
          0.56195927,
          0,
          -0.43437332,
          0.71544415,
          -0.5472289,
          0,
          -0.06366844,
          0.2853409,
          -0.23791313,
          1
        ]
      },
      {
        "date" : 759537289.666078,
        "title" : "Untitled",
        "transform" : [
          -0.5511629,
          -0.001791263,
          0.8343957,
          0,
          0.8038499,
          0.26696548,
          0.5315589,
          0,
          -0.22370702,
          0.9637044,
          -0.14570157,
          0,
          0.02365046,
          0.3675535,
          -0.08882736,
          1
        ]
      },
      {
        "date" : 759537283.969569,
        "title" : "Untitled",
        "transform" : [
          -0.98616743,
          5.726096e-09,
          -0.16575222,
          0,
          -0.16019267,
          0.25682205,
          0.9530901,
          0,
          0.042568836,
          0.9664587,
          -0.25326955,
          0,
          0.02365046,
          0.3675535,
          -0.08882736,
          1
        ]
      }
    ],
    "916F2E70-40B8-4027-B5CB-91FC2BC864F1" : [
      {
        "date" : 759541585.323417,
        "title" : "Untitled",
        "transform" : [
          0.7621323,
          -2.9719232e-09,
          0.64742124,
          0,
          0.08677742,
          0.9909765,
          -0.102152765,
          0,
          -0.6415793,
          0.13403547,
          0.7552552,
          0,
          -2.8750172,
          2.4619727,
          -5.818943,
          1
        ]
      },
      {
        "date" : 759541492.847222,
        "title" : "Untitled",
        "transform" : [
          0.7621323,
          -2.9719232e-09,
          0.64742124,
          0,
          0.08677742,
          0.9909765,
          -0.102152765,
          0,
          -0.6415793,
          0.13403547,
          0.7552552,
          0,
          -2.8752294,
          2.462017,
          -5.818694,
          1
        ]
      },
      {
        "date" : 759541088.463744,
        "title" : "Untitled",
        "transform" : [
          0.84781504,
          3.3777567e-09,
          0.53029203,
          0,
          -0.07147718,
          0.9908744,
          0.114275575,
          0,
          -0.5254528,
          -0.13478833,
          0.84007823,
          0,
          -3.528309,
          0.7458015,
          -6.6141315,
          1
        ]
      },
      {
        "date" : 759541079.37336,
        "title" : "Untitled",
        "transform" : [
          0.75289327,
          0.0042958027,
          0.65812856,
          0,
          -0.33694157,
          0.8615079,
          0.37983483,
          0,
          -0.5653513,
          -0.50772595,
          0.6500709,
          0,
          1.5917358,
          4.1989136,
          3.5681763,
          1
        ]
      },
      {
        "date" : 759541070.934742,
        "title" : "Untitled",
        "transform" : [
          0.8980689,
          2.3436014e-05,
          -0.4398547,
          0,
          -0.21945514,
          0.8666683,
          -0.44802412,
          0,
          0.38119766,
          0.49888495,
          0.778333,
          0,
          412.3778,
          541.02734,
          841.4661,
          1
        ]
      },
      {
        "date" : 759541068.24905,
        "title" : "Untitled",
        "transform" : [
          0.898069,
          2.341525e-05,
          -0.4398548,
          0,
          -0.05203825,
          0.9929826,
          -0.10619565,
          0,
          0.43676567,
          0.118260264,
          0.8917681,
          0,
          -1.9300737,
          2.241426,
          3.29185,
          1
        ]
      },
      {
        "date" : 759541049.622917,
        "title" : "Untitled",
        "transform" : [
          0.9719839,
          2.3414117e-05,
          -0.23504753,
          0,
          -0.072684355,
          0.95101637,
          -0.30047432,
          0,
          0.22352698,
          0.30914047,
          0.92437434,
          0,
          -5.9717913,
          5.859366,
          3.909881,
          1
        ]
      },
      {
        "date" : 759541042.527995,
        "title" : "Untitled",
        "transform" : [
          0.9719839,
          2.3414117e-05,
          -0.23504753,
          0,
          -0.072684355,
          0.95101637,
          -0.30047432,
          0,
          0.22352695,
          0.30914044,
          0.9243742,
          0,
          -6.7436013,
          4.791949,
          0.718153,
          1
        ]
      },
      {
        "date" : 759541010.630594,
        "title" : "Untitled",
        "transform" : [
          0.20270818,
          2.3416571e-05,
          -0.97923917,
          0,
          0.08726636,
          0.9960208,
          0.018088462,
          0,
          0.9753429,
          -0.089121304,
          0.20189957,
          0,
          6.6678147,
          1.582734,
          2.0098863,
          1
        ]
      },
      {
        "date" : 759541009.064115,
        "title" : "Untitled",
        "transform" : [
          0.18130556,
          2.3416556e-05,
          -0.9834267,
          0,
          0.01981651,
          0.99979675,
          0.0036772,
          0,
          0.9832271,
          -0.02015479,
          0.18126832,
          0,
          6.5863414,
          2.0577967,
          1.8412045,
          1
        ]
      }
    ],
    "A53B7B1A-FEE9-4C14-9AA2-3491E64FFD78" : [
      {
        "date" : 759540089.572677,
        "title" : "Untitled",
        "transform" : [
          -0.070422076,
          -9.75828e-06,
          -0.9975173,
          0,
          -0.15420651,
          0.9879787,
          0.010876906,
          0,
          0.9855257,
          0.15458964,
          -0.069577016,
          0,
          3.180134,
          1.729889,
          0.76491344,
          1
        ]
      },
      {
        "date" : 759540086.023892,
        "title" : "Untitled",
        "transform" : [
          -0.070422076,
          -9.75828e-06,
          -0.9975173,
          0,
          -0.15420651,
          0.9879787,
          0.010876906,
          0,
          0.9855257,
          0.15458964,
          -0.069577016,
          0,
          0.1261523,
          1.250842,
          0.98052067,
          1
        ]
      },
      {
        "date" : 759540084.971903,
        "title" : "Untitled",
        "transform" : [
          -0.070422076,
          -9.75828e-06,
          -0.9975173,
          0,
          -0.15420651,
          0.9879787,
          0.010876906,
          0,
          0.9855257,
          0.15458964,
          -0.069577016,
          0,
          0.081961654,
          1.2445793,
          0.98302424,
          1
        ]
      }
    ]
  },
  "sceneViewportBackgroundColors" : {

  },
  "selectedSceneRelativePath" : "xrk\/MovieScene.usda"
}