{
  "advancedEditorSelectedIdentifier" : "ShaderGraphEditorPluginID",
  "openSceneRelativePaths" : [
    "Cloud.usda",
    "xrk\/MovieScene.usda",
    "xrk\/Rocket.usda",
    "xrk\/Theatre.usdc"
  ],
  "recentIdentifiers" : {
    "6F0356C3-A010-42E9-AD64-DBC18EB5CB70" : [

    ],
    "916F2E70-40B8-4027-B5CB-91FC2BC864F1" : [

    ],
    "A53B7B1A-FEE9-4C14-9AA2-3491E64FFD78" : [

    ]
  },
  "sceneCameraHistory" : {
    "6F0356C3-A010-42E9-AD64-DBC18EB5CB70" : [
      {
        "date" : 759542124.240567,
        "title" : "Untitled",
        "transform" : [
          0.78348714,
          6.868511e-07,
          -0.621408,
          0,
          -0.062379368,
          0.9949489,
          -0.078648396,
          0,
          0.61826915,
          0.10038306,
          0.7795297,
          0,
          0.35404578,
          0.121890135,
          0.6545203,
          1
        ]
      },
      {
        "date" : 759542110.771928,
        "title" : "Untitled",
        "transform" : [
          -0.8791617,
          5.873672e-09,
          -0.47652355,
          0,
          -0.17027202,
          0.93398154,
          0.31414318,
          0,
          0.44506425,
          0.3573212,
          -0.82112074,
          0,
          0.7783373,
          0.2655144,
          -0.28225222,
          1
        ]
      },
      {
        "date" : 759542106.956521,
        "title" : "Untitled",
        "transform" : [
          -0.06998704,
          2.4844211e-09,
          0.99754786,
          0,
          0.72387403,
          0.6880604,
          0.050786354,
          0,
          -0.68637323,
          0.72565335,
          -0.048155345,
          0,
          -0.404092,
          0.50683135,
          -0.57948667,
          1
        ]
      },
      {
        "date" : 759542105.240893,
        "title" : "Untitled",
        "transform" : [
          0.20847921,
          2.0004929e-09,
          0.9780266,
          0,
          0.48243955,
          0.86987144,
          -0.10283831,
          0,
          -0.85075754,
          0.49327844,
          0.18135011,
          0,
          -0.51890594,
          0.3445295,
          -0.4191891,
          1
        ]
      },
      {
        "date" : 759542101.813176,
        "title" : "Untitled",
        "transform" : [
          0.9392104,
          1.387817e-09,
          0.34334192,
          0,
          0.08757305,
          0.966925,
          -0.23955573,
          0,
          -0.3319859,
          0.25506073,
          0.9081461,
          0,
          -0.15657087,
          0.17814678,
          0.08844037,
          1
        ]
      },
      {
        "date" : 759537793.824236,
        "title" : "Untitled",
        "transform" : [
          0.98758405,
          -1.3625935e-07,
          0.15709142,
          0,
          0.022207474,
          0.98995745,
          -0.1396105,
          0,
          -0.15551381,
          0.1413657,
          0.9776662,
          0,
          -0.17080703,
          0.2248893,
          0.67054886,
          1
        ]
      },
      {
        "date" : 759537343.112082,
        "title" : "Untitled",
        "transform" : [
          0.33860764,
          3.0819787e-12,
          0.9409276,
          0,
          0.22292046,
          0.97153026,
          -0.080221444,
          0,
          -0.9141397,
          0.23691563,
          0.32896757,
          0,
          -0.62920684,
          0.23525323,
          0.012847502,
          1
        ]
      },
      {
        "date" : 759537331.573563,
        "title" : "Untitled",
        "transform" : [
          0.678206,
          -1.7221495e-09,
          0.7348718,
          0,
          -0.41754946,
          0.8228949,
          0.38535234,
          0,
          -0.60472226,
          -0.5681936,
          0.5580923,
          0,
          -0.15152322,
          -0.142343,
          0.21649538,
          1
        ]
      },
      {
        "date" : 759537324.597444,
        "title" : "Untitled",
        "transform" : [
          0.37778777,
          3.5773317e-07,
          0.92589223,
          0,
          0.42153895,
          0.890349,
          -0.17199904,
          0,
          -0.8243672,
          0.45527872,
          0.33636278,
          0,
          -0.29652044,
          0.20394102,
          0.014357474,
          1
        ]
      },
      {
        "date" : 759537317.698635,
        "title" : "Untitled",
        "transform" : [
          0.24209815,
          -7.5695125e-06,
          0.9702518,
          0,
          0.5056961,
          0.8534349,
          -0.12617512,
          0,
          -0.8280458,
          0.5211993,
          0.20661885,
          0,
          -0.28705844,
          0.21499604,
          0.0009385352,
          1
        ]
      }
    ],
    "916F2E70-40B8-4027-B5CB-91FC2BC864F1" : [
      {
        "date" : 759543329.339866,
        "title" : "Untitled",
        "transform" : [
          0.9787962,
          1.3744492e-09,
          0.20483638,
          0,
          0.018223135,
          0.9960348,
          -0.08707796,
          0,
          -0.20402418,
          0.088964336,
          0.9749151,
          0,
          -3.920115,
          2.6004183,
          3.5330207,
          1
        ]
      },
      {
        "date" : 759543227.400457,
        "title" : "Untitled",
        "transform" : [
          0.9787962,
          1.3744492e-09,
          0.20483638,
          0,
          0.018223135,
          0.9960348,
          -0.08707796,
          0,
          -0.20402418,
          0.088964336,
          0.9749151,
          0,
          -2.7918687,
          2.1330917,
          2.516184,
          1
        ]
      },
      {
        "date" : 759543222.727975,
        "title" : "Untitled",
        "transform" : [
          0.94761634,
          1.3171146e-08,
          0.31941077,
          0,
          0.07080749,
          0.97511905,
          -0.21006916,
          0,
          -0.3114635,
          0.22168167,
          0.92403877,
          0,
          -3.2266731,
          2.3419337,
          2.4092722,
          1
        ]
      },
      {
        "date" : 759543166.583367,
        "title" : "Untitled",
        "transform" : [
          0.87671053,
          1.0200573e-08,
          0.48101854,
          0,
          0.18754111,
          0.9208642,
          -0.34181488,
          0,
          -0.44295272,
          0.38988343,
          0.8073313,
          0,
          -3.4594488,
          2.9039688,
          1.5484525,
          1
        ]
      },
      {
        "date" : 759543051.371598,
        "title" : "Untitled",
        "transform" : [
          0.8054615,
          7.529104e-09,
          0.5926479,
          0,
          0.071774125,
          0.9926394,
          -0.097547494,
          0,
          -0.5882857,
          0.12110757,
          0.7995329,
          0,
          -3.2602358,
          1.6151158,
          2.2211418,
          1
        ]
      },
      {
        "date" : 759542996.324324,
        "title" : "Untitled",
        "transform" : [
          0.76402944,
          6.596167e-09,
          0.6451813,
          0,
          0.14699817,
          0.97369856,
          -0.17407656,
          0,
          -0.6282121,
          0.2278401,
          0.7439344,
          0,
          -3.7927005,
          3.038516,
          1.4796729,
          1
        ]
      },
      {
        "date" : 759542966.832863,
        "title" : "Untitled",
        "transform" : [
          0.8495833,
          6.5982504e-09,
          0.52745456,
          0,
          0.05132066,
          0.9952553,
          -0.082663395,
          0,
          -0.5249519,
          0.09729875,
          0.8455522,
          0,
          -5.3637524,
          2.1977613,
          2.3402112,
          1
        ]
      },
      {
        "date" : 759542759.678368,
        "title" : "Untitled",
        "transform" : [
          -0.08295322,
          -1.6326679e-08,
          0.9965534,
          0,
          0.4216436,
          0.9060822,
          0.035097692,
          0,
          -0.90295935,
          0.42310187,
          -0.075162396,
          0,
          -9.799283,
          5.9763083,
          -0.7449268,
          1
        ]
      },
      {
        "date" : 759542681.132937,
        "title" : "Untitled",
        "transform" : [
          -0.08295323,
          -1.632668e-08,
          0.99655354,
          0,
          0.4216436,
          0.9060822,
          0.035097692,
          0,
          -0.90295935,
          0.42310187,
          -0.075162396,
          0,
          -15.660244,
          7.3830633,
          -1.1904688,
          1
        ]
      },
      {
        "date" : 759542674.960965,
        "title" : "Untitled",
        "transform" : [
          -0.7026529,
          -1.6869969e-08,
          0.7115329,
          0,
          -0.051840223,
          0.9973424,
          -0.0511932,
          0,
          -0.70964193,
          -0.07285707,
          -0.70078546,
          0,
          -11.138089,
          -0.75879717,
          -10.840692,
          1
        ]
      }
    ],
    "A53B7B1A-FEE9-4C14-9AA2-3491E64FFD78" : [
      {
        "date" : 759540089.572677,
        "title" : "Untitled",
        "transform" : [
          -0.070422076,
          -9.75828e-06,
          -0.9975173,
          0,
          -0.15420651,
          0.9879787,
          0.010876906,
          0,
          0.9855257,
          0.15458964,
          -0.069577016,
          0,
          3.180134,
          1.729889,
          0.76491344,
          1
        ]
      },
      {
        "date" : 759540086.023892,
        "title" : "Untitled",
        "transform" : [
          -0.070422076,
          -9.75828e-06,
          -0.9975173,
          0,
          -0.15420651,
          0.9879787,
          0.010876906,
          0,
          0.9855257,
          0.15458964,
          -0.069577016,
          0,
          0.1261523,
          1.250842,
          0.98052067,
          1
        ]
      },
      {
        "date" : 759540084.971903,
        "title" : "Untitled",
        "transform" : [
          -0.070422076,
          -9.75828e-06,
          -0.9975173,
          0,
          -0.15420651,
          0.9879787,
          0.010876906,
          0,
          0.9855257,
          0.15458964,
          -0.069577016,
          0,
          0.081961654,
          1.2445793,
          0.98302424,
          1
        ]
      }
    ]
  },
  "sceneViewportBackgroundColors" : {

  },
  "selectedSceneRelativePath" : "xrk\/MovieScene.usda"
}