{
  "advancedEditorSelectedIdentifier" : "ShaderGraphEditorPluginID",
  "openSceneRelativePaths" : [
    "Cloud.usda",
    "xrk\/MovieScene.usda",
    "xrk\/Rocket.usda",
    "xrk\/Text.usdc",
    "xrk\/Text 1.usdc",
    "particle.usda"
  ],
  "recentIdentifiers" : {
    "1B856E2B-E6B1-4E96-B4CB-3E6B11C62FCC" : [

    ],
    "6F0356C3-A010-42E9-AD64-DBC18EB5CB70" : [

    ],
    "8CDBB3DA-8748-4466-A0D0-EEAA9C0E8542" : [

    ],
    "916F2E70-40B8-4027-B5CB-91FC2BC864F1" : [

    ],
    "A53B7B1A-FEE9-4C14-9AA2-3491E64FFD78" : [

    ]
  },
  "sceneCameraHistory" : {
    "1B856E2B-E6B1-4E96-B4CB-3E6B11C62FCC" : [
      {
        "date" : 759600230.459223,
        "title" : "Untitled",
        "transform" : [
          0.98300827,
          7.5482187e-10,
          0.18356146,
          0,
          -0.0059537906,
          0.9994739,
          0.031883735,
          0,
          -0.18346488,
          -0.03243486,
          0.982491,
          0,
          -2.0483932,
          0.22115964,
          7.407117,
          1
        ]
      },
      {
        "date" : 759600154.333657,
        "title" : "Untitled",
        "transform" : [
          0.9612419,
          2.076467e-09,
          -0.27570632,
          0,
          -0.024287578,
          0.99611235,
          -0.084677905,
          0,
          0.27463445,
          0.088092186,
          0.95750487,
          0,
          0.30294263,
          0.84544456,
          6.8251643,
          1
        ]
      },
      {
        "date" : 759554450.147622,
        "title" : "Untitled",
        "transform" : [
          0.9612419,
          2.076467e-09,
          -0.27570632,
          0,
          -0.024287574,
          0.9961122,
          -0.0846779,
          0,
          0.27463445,
          0.088092186,
          0.95750487,
          0,
          -0.07741022,
          0.6697099,
          5.5697274,
          1
        ]
      },
      {
        "date" : 759554448.634611,
        "title" : "Untitled",
        "transform" : [
          0.968563,
          1.6141481e-09,
          -0.2487682,
          0,
          -0.032657802,
          0.9913455,
          -0.12715106,
          0,
          0.24661523,
          0.13127804,
          0.96018064,
          0,
          -0.27761087,
          0.9920793,
          5.62265,
          1
        ]
      },
      {
        "date" : 759554430.503677,
        "title" : "Untitled",
        "transform" : [
          0.9881434,
          2.0200494e-07,
          -0.15353365,
          0,
          -0.038549915,
          0.9679655,
          -0.24810618,
          0,
          0.14861523,
          0.2510832,
          0.9564887,
          0,
          -0.27761087,
          0.9920793,
          5.62265,
          1
        ]
      },
      {
        "date" : 759554416.024915,
        "title" : "Untitled",
        "transform" : [
          0.9999274,
          -2.4342875e-11,
          0.01204723,
          0,
          0.0002375618,
          0.99980557,
          -0.019717772,
          0,
          -0.012044888,
          0.019719202,
          0.999733,
          0,
          0.59586793,
          0.8103546,
          3.1215386,
          1
        ]
      },
      {
        "date" : 759554404.848093,
        "title" : "Untitled",
        "transform" : [
          0.9596867,
          -1.6584827e-09,
          0.2810718,
          0,
          0.042798094,
          0.9883393,
          -0.14612906,
          0,
          -0.27779433,
          0.15226746,
          0.9484961,
          0,
          -0.37547705,
          1.1862352,
          2.3607032,
          1
        ]
      },
      {
        "date" : 759554387.470378,
        "title" : "Untitled",
        "transform" : [
          0.9989142,
          -5.9512875e-09,
          0.04658966,
          0,
          0.022627449,
          0.8741394,
          -0.48514783,
          0,
          -0.04072585,
          0.48567516,
          0.8731901,
          0,
          -1.8985612,
          5.998077,
          11.936655,
          1
        ]
      },
      {
        "date" : 759554380.962122,
        "title" : "Untitled",
        "transform" : [
          0.9989141,
          -2.0787598e-09,
          0.04658965,
          0,
          0.010842071,
          0.97254527,
          -0.23246117,
          0,
          -0.04531056,
          0.23271386,
          0.9714892,
          0,
          0.3305232,
          1.390167,
          2.155722,
          1
        ]
      },
      {
        "date" : 759554373.654654,
        "title" : "Untitled",
        "transform" : [
          0.97188514,
          -2.2478714e-09,
          0.2354554,
          0,
          0.10410564,
          0.8969432,
          -0.429715,
          0,
          -0.21119012,
          0.44214588,
          0.8717258,
          0,
          0,
          1.8287902,
          1.8287904,
          1
        ]
      }
    ],
    "3D6D075F-5B25-461A-8CE5-65628BD0ECCB" : [
      {
        "date" : 759555323.693125,
        "title" : "Untitled",
        "transform" : [
          0.9994859,
          5.423684e-10,
          0.032061048,
          0,
          0.022063516,
          0.72554755,
          -0.6878183,
          0,
          -0.023261813,
          0.68817204,
          0.72517455,
          0,
          -0.4296506,
          2.357766,
          2.6298552,
          1
        ]
      }
    ],
    "6F0356C3-A010-42E9-AD64-DBC18EB5CB70" : [
      {
        "date" : 759547655.4894,
        "title" : "Untitled",
        "transform" : [
          0.84023196,
          3.1300567e-09,
          -0.5422271,
          0,
          0.03654809,
          0.9977258,
          0.05663471,
          0,
          0.540994,
          -0.06740366,
          0.83832115,
          0,
          0.105305865,
          -0.009320214,
          0.15313071,
          1
        ]
      },
      {
        "date" : 759547592.615872,
        "title" : "Untitled",
        "transform" : [
          0.8402319,
          3.3222223e-09,
          -0.5422271,
          0,
          0.03654809,
          0.9977258,
          0.056634706,
          0,
          0.540994,
          -0.06740365,
          0.83832103,
          0,
          0.2324804,
          0.08003786,
          0.42978382,
          1
        ]
      },
      {
        "date" : 759546936.774096,
        "title" : "Untitled",
        "transform" : [
          0.78348714,
          6.868511e-07,
          -0.621408,
          0,
          -0.062379368,
          0.9949489,
          -0.078648396,
          0,
          0.61826915,
          0.10038306,
          0.7795297,
          0,
          0.2324804,
          0.08003786,
          0.42978382,
          1
        ]
      },
      {
        "date" : 759542124.240567,
        "title" : "Untitled",
        "transform" : [
          0.78348714,
          6.868511e-07,
          -0.621408,
          0,
          -0.062379368,
          0.9949489,
          -0.078648396,
          0,
          0.61826915,
          0.10038306,
          0.7795297,
          0,
          0.35404578,
          0.121890135,
          0.6545203,
          1
        ]
      },
      {
        "date" : 759542110.771928,
        "title" : "Untitled",
        "transform" : [
          -0.8791617,
          5.873672e-09,
          -0.47652355,
          0,
          -0.17027202,
          0.93398154,
          0.31414318,
          0,
          0.44506425,
          0.3573212,
          -0.82112074,
          0,
          0.7783373,
          0.2655144,
          -0.28225222,
          1
        ]
      },
      {
        "date" : 759542106.956521,
        "title" : "Untitled",
        "transform" : [
          -0.06998704,
          2.4844211e-09,
          0.99754786,
          0,
          0.72387403,
          0.6880604,
          0.050786354,
          0,
          -0.68637323,
          0.72565335,
          -0.048155345,
          0,
          -0.404092,
          0.50683135,
          -0.57948667,
          1
        ]
      },
      {
        "date" : 759542105.240893,
        "title" : "Untitled",
        "transform" : [
          0.20847921,
          2.0004929e-09,
          0.9780266,
          0,
          0.48243955,
          0.86987144,
          -0.10283831,
          0,
          -0.85075754,
          0.49327844,
          0.18135011,
          0,
          -0.51890594,
          0.3445295,
          -0.4191891,
          1
        ]
      },
      {
        "date" : 759542101.813176,
        "title" : "Untitled",
        "transform" : [
          0.9392104,
          1.387817e-09,
          0.34334192,
          0,
          0.08757305,
          0.966925,
          -0.23955573,
          0,
          -0.3319859,
          0.25506073,
          0.9081461,
          0,
          -0.15657087,
          0.17814678,
          0.08844037,
          1
        ]
      },
      {
        "date" : 759537793.824236,
        "title" : "Untitled",
        "transform" : [
          0.98758405,
          -1.3625935e-07,
          0.15709142,
          0,
          0.022207474,
          0.98995745,
          -0.1396105,
          0,
          -0.15551381,
          0.1413657,
          0.9776662,
          0,
          -0.17080703,
          0.2248893,
          0.67054886,
          1
        ]
      },
      {
        "date" : 759537343.112082,
        "title" : "Untitled",
        "transform" : [
          0.33860764,
          3.0819787e-12,
          0.9409276,
          0,
          0.22292046,
          0.97153026,
          -0.080221444,
          0,
          -0.9141397,
          0.23691563,
          0.32896757,
          0,
          -0.62920684,
          0.23525323,
          0.012847502,
          1
        ]
      }
    ],
    "8CDBB3DA-8748-4466-A0D0-EEAA9C0E8542" : [
      {
        "date" : 759598370.839346,
        "title" : "Untitled",
        "transform" : [
          1,
          0,
          0,
          0,
          0,
          0.7071069,
          -0.7071067,
          0,
          0,
          0.7071067,
          0.7071069,
          0,
          0,
          0.6144613,
          0.61446065,
          1
        ]
      },
      {
        "date" : 759598364.456224,
        "title" : "Untitled",
        "transform" : [
          1,
          0,
          -0,
          0,
          -0,
          0.7071069,
          -0.7071067,
          0,
          0,
          0.7071067,
          0.7071069,
          0,
          0,
          0.117118716,
          0.1171186,
          1
        ]
      }
    ],
    "916F2E70-40B8-4027-B5CB-91FC2BC864F1" : [
      {
        "date" : 759600960.512535,
        "title" : "Untitled",
        "transform" : [
          0.44005772,
          -1.7284782e-08,
          -0.8979694,
          0,
          -0.6027056,
          0.7412878,
          -0.29536113,
          0,
          0.6656539,
          0.67118716,
          0.32620943,
          0,
          5.705599,
          2.0866551,
          -5.393909,
          1
        ]
      },
      {
        "date" : 759600929.761162,
        "title" : "Untitled",
        "transform" : [
          0.44005772,
          -1.7284782e-08,
          -0.8979694,
          0,
          -0.6027056,
          0.7412878,
          -0.29536113,
          0,
          0.6656539,
          0.67118716,
          0.32620943,
          0,
          6.0703135,
          2.3624363,
          -5.1979475,
          1
        ]
      },
      {
        "date" : 759600926.845441,
        "title" : "Untitled",
        "transform" : [
          0.44005764,
          9.536993e-09,
          -0.8979695,
          0,
          -0.60270566,
          0.7412879,
          -0.29536098,
          0,
          0.66565406,
          0.67118716,
          0.32620937,
          0,
          9.813561,
          27.764174,
          2.7113566,
          1
        ]
      },
      {
        "date" : 759600312.333156,
        "title" : "Untitled",
        "transform" : [
          0.44005764,
          9.536993e-09,
          -0.8979695,
          0,
          -0.60270566,
          0.7412879,
          -0.29536098,
          0,
          0.66565406,
          0.67118716,
          0.32620937,
          0,
          15.22612,
          43.077183,
          4.2067733,
          1
        ]
      },
      {
        "date" : 759600266.448515,
        "title" : "Untitled",
        "transform" : [
          0.117514186,
          4.122435e-09,
          -0.9930712,
          0,
          -0.9738727,
          0.19568142,
          -0.115242295,
          0,
          0.19432567,
          0.98066753,
          0.02299528,
          0,
          -7.344525,
          8.493714,
          -2.1195812,
          1
        ]
      },
      {
        "date" : 759600241.109412,
        "title" : "Untitled",
        "transform" : [
          0.1175142,
          4.1224353e-09,
          -0.9930713,
          0,
          -0.9738727,
          0.19568142,
          -0.115242295,
          0,
          0.19432567,
          0.98066753,
          0.02299528,
          0,
          0.21198559,
          24.378904,
          -7.7609553,
          1
        ]
      },
      {
        "date" : 759600218.556412,
        "title" : "Untitled",
        "transform" : [
          -0.6016177,
          1.3719629e-08,
          -0.7987842,
          0,
          -0.50944567,
          0.7702216,
          0.3836976,
          0,
          0.61524075,
          0.6377764,
          -0.46337894,
          0,
          8.048679,
          16.510138,
          -18.430008,
          1
        ]
      },
      {
        "date" : 759600206.849095,
        "title" : "Untitled",
        "transform" : [
          -0.80115443,
          1.5268672e-08,
          -0.5984577,
          0,
          -0.3535268,
          0.80686945,
          0.47326583,
          0,
          0.4828772,
          0.59072983,
          -0.646427,
          0,
          4.6013713,
          11.5939245,
          -10.636118,
          1
        ]
      },
      {
        "date" : 759600196.368323,
        "title" : "Untitled",
        "transform" : [
          -0.80115443,
          1.5268672e-08,
          -0.5984577,
          0,
          -0.3535268,
          0.80686945,
          0.47326583,
          0,
          0.4828772,
          0.59072983,
          -0.646427,
          0,
          1.5269341,
          2.5107293,
          8.62437,
          1
        ]
      },
      {
        "date" : 759600182.023966,
        "title" : "Untitled",
        "transform" : [
          -0.76967615,
          3.421014e-08,
          -0.6384346,
          0,
          -0.36632705,
          0.81900287,
          0.4416321,
          0,
          0.5228798,
          0.57378954,
          -0.6303669,
          0,
          0.70036817,
          1.7911015,
          11.160072,
          1
        ]
      }
    ],
    "A53B7B1A-FEE9-4C14-9AA2-3491E64FFD78" : [
      {
        "date" : 759540089.572677,
        "title" : "Untitled",
        "transform" : [
          -0.070422076,
          -9.75828e-06,
          -0.9975173,
          0,
          -0.15420651,
          0.9879787,
          0.010876906,
          0,
          0.9855257,
          0.15458964,
          -0.069577016,
          0,
          3.180134,
          1.729889,
          0.76491344,
          1
        ]
      },
      {
        "date" : 759540086.023892,
        "title" : "Untitled",
        "transform" : [
          -0.070422076,
          -9.75828e-06,
          -0.9975173,
          0,
          -0.15420651,
          0.9879787,
          0.010876906,
          0,
          0.9855257,
          0.15458964,
          -0.069577016,
          0,
          0.1261523,
          1.250842,
          0.98052067,
          1
        ]
      },
      {
        "date" : 759540084.971903,
        "title" : "Untitled",
        "transform" : [
          -0.070422076,
          -9.75828e-06,
          -0.9975173,
          0,
          -0.15420651,
          0.9879787,
          0.010876906,
          0,
          0.9855257,
          0.15458964,
          -0.069577016,
          0,
          0.081961654,
          1.2445793,
          0.98302424,
          1
        ]
      }
    ]
  },
  "sceneViewportBackgroundColors" : {

  },
  "selectedSceneRelativePath" : "xrk\/MovieScene.usda"
}