{
  "advancedEditorSelectedIdentifier" : "ProjectBrowser",
  "openSceneRelativePaths" : [
    "Cloud.usda",
    "xrk\/MovieScene.usda",
    "xrk\/Rocket.usda",
    "xrk\/Text.usdc",
    "xrk\/Text 1.usdc"
  ],
  "recentIdentifiers" : {
    "1B856E2B-E6B1-4E96-B4CB-3E6B11C62FCC" : [

    ],
    "6F0356C3-A010-42E9-AD64-DBC18EB5CB70" : [

    ],
    "916F2E70-40B8-4027-B5CB-91FC2BC864F1" : [

    ],
    "A53B7B1A-FEE9-4C14-9AA2-3491E64FFD78" : [

    ]
  },
  "sceneCameraHistory" : {
    "1B856E2B-E6B1-4E96-B4CB-3E6B11C62FCC" : [
      {
        "date" : 759554450.147622,
        "title" : "Untitled",
        "transform" : [
          0.9612419,
          2.076467e-09,
          -0.27570632,
          0,
          -0.024287574,
          0.9961122,
          -0.0846779,
          0,
          0.27463445,
          0.088092186,
          0.95750487,
          0,
          -0.07741022,
          0.6697099,
          5.5697274,
          1
        ]
      },
      {
        "date" : 759554448.634611,
        "title" : "Untitled",
        "transform" : [
          0.968563,
          1.6141481e-09,
          -0.2487682,
          0,
          -0.032657802,
          0.9913455,
          -0.12715106,
          0,
          0.24661523,
          0.13127804,
          0.96018064,
          0,
          -0.27761087,
          0.9920793,
          5.62265,
          1
        ]
      },
      {
        "date" : 759554430.503677,
        "title" : "Untitled",
        "transform" : [
          0.9881434,
          2.0200494e-07,
          -0.15353365,
          0,
          -0.038549915,
          0.9679655,
          -0.24810618,
          0,
          0.14861523,
          0.2510832,
          0.9564887,
          0,
          -0.27761087,
          0.9920793,
          5.62265,
          1
        ]
      },
      {
        "date" : 759554416.024915,
        "title" : "Untitled",
        "transform" : [
          0.9999274,
          -2.4342875e-11,
          0.01204723,
          0,
          0.0002375618,
          0.99980557,
          -0.019717772,
          0,
          -0.012044888,
          0.019719202,
          0.999733,
          0,
          0.59586793,
          0.8103546,
          3.1215386,
          1
        ]
      },
      {
        "date" : 759554404.848093,
        "title" : "Untitled",
        "transform" : [
          0.9596867,
          -1.6584827e-09,
          0.2810718,
          0,
          0.042798094,
          0.9883393,
          -0.14612906,
          0,
          -0.27779433,
          0.15226746,
          0.9484961,
          0,
          -0.37547705,
          1.1862352,
          2.3607032,
          1
        ]
      },
      {
        "date" : 759554387.470378,
        "title" : "Untitled",
        "transform" : [
          0.9989142,
          -5.9512875e-09,
          0.04658966,
          0,
          0.022627449,
          0.8741394,
          -0.48514783,
          0,
          -0.04072585,
          0.48567516,
          0.8731901,
          0,
          -1.8985612,
          5.998077,
          11.936655,
          1
        ]
      },
      {
        "date" : 759554380.962122,
        "title" : "Untitled",
        "transform" : [
          0.9989141,
          -2.0787598e-09,
          0.04658965,
          0,
          0.010842071,
          0.97254527,
          -0.23246117,
          0,
          -0.04531056,
          0.23271386,
          0.9714892,
          0,
          0.3305232,
          1.390167,
          2.155722,
          1
        ]
      },
      {
        "date" : 759554373.654654,
        "title" : "Untitled",
        "transform" : [
          0.97188514,
          -2.2478714e-09,
          0.2354554,
          0,
          0.10410564,
          0.8969432,
          -0.429715,
          0,
          -0.21119012,
          0.44214588,
          0.8717258,
          0,
          0,
          1.8287902,
          1.8287904,
          1
        ]
      }
    ],
    "3D6D075F-5B25-461A-8CE5-65628BD0ECCB" : [
      {
        "date" : 759555323.693125,
        "title" : "Untitled",
        "transform" : [
          0.9994859,
          5.423684e-10,
          0.032061048,
          0,
          0.022063516,
          0.72554755,
          -0.6878183,
          0,
          -0.023261813,
          0.68817204,
          0.72517455,
          0,
          -0.4296506,
          2.357766,
          2.6298552,
          1
        ]
      }
    ],
    "6F0356C3-A010-42E9-AD64-DBC18EB5CB70" : [
      {
        "date" : 759547655.4894,
        "title" : "Untitled",
        "transform" : [
          0.84023196,
          3.1300567e-09,
          -0.5422271,
          0,
          0.03654809,
          0.9977258,
          0.05663471,
          0,
          0.540994,
          -0.06740366,
          0.83832115,
          0,
          0.105305865,
          -0.009320214,
          0.15313071,
          1
        ]
      },
      {
        "date" : 759547592.615872,
        "title" : "Untitled",
        "transform" : [
          0.8402319,
          3.3222223e-09,
          -0.5422271,
          0,
          0.03654809,
          0.9977258,
          0.056634706,
          0,
          0.540994,
          -0.06740365,
          0.83832103,
          0,
          0.2324804,
          0.08003786,
          0.42978382,
          1
        ]
      },
      {
        "date" : 759546936.774096,
        "title" : "Untitled",
        "transform" : [
          0.78348714,
          6.868511e-07,
          -0.621408,
          0,
          -0.062379368,
          0.9949489,
          -0.078648396,
          0,
          0.61826915,
          0.10038306,
          0.7795297,
          0,
          0.2324804,
          0.08003786,
          0.42978382,
          1
        ]
      },
      {
        "date" : 759542124.240567,
        "title" : "Untitled",
        "transform" : [
          0.78348714,
          6.868511e-07,
          -0.621408,
          0,
          -0.062379368,
          0.9949489,
          -0.078648396,
          0,
          0.61826915,
          0.10038306,
          0.7795297,
          0,
          0.35404578,
          0.121890135,
          0.6545203,
          1
        ]
      },
      {
        "date" : 759542110.771928,
        "title" : "Untitled",
        "transform" : [
          -0.8791617,
          5.873672e-09,
          -0.47652355,
          0,
          -0.17027202,
          0.93398154,
          0.31414318,
          0,
          0.44506425,
          0.3573212,
          -0.82112074,
          0,
          0.7783373,
          0.2655144,
          -0.28225222,
          1
        ]
      },
      {
        "date" : 759542106.956521,
        "title" : "Untitled",
        "transform" : [
          -0.06998704,
          2.4844211e-09,
          0.99754786,
          0,
          0.72387403,
          0.6880604,
          0.050786354,
          0,
          -0.68637323,
          0.72565335,
          -0.048155345,
          0,
          -0.404092,
          0.50683135,
          -0.57948667,
          1
        ]
      },
      {
        "date" : 759542105.240893,
        "title" : "Untitled",
        "transform" : [
          0.20847921,
          2.0004929e-09,
          0.9780266,
          0,
          0.48243955,
          0.86987144,
          -0.10283831,
          0,
          -0.85075754,
          0.49327844,
          0.18135011,
          0,
          -0.51890594,
          0.3445295,
          -0.4191891,
          1
        ]
      },
      {
        "date" : 759542101.813176,
        "title" : "Untitled",
        "transform" : [
          0.9392104,
          1.387817e-09,
          0.34334192,
          0,
          0.08757305,
          0.966925,
          -0.23955573,
          0,
          -0.3319859,
          0.25506073,
          0.9081461,
          0,
          -0.15657087,
          0.17814678,
          0.08844037,
          1
        ]
      },
      {
        "date" : 759537793.824236,
        "title" : "Untitled",
        "transform" : [
          0.98758405,
          -1.3625935e-07,
          0.15709142,
          0,
          0.022207474,
          0.98995745,
          -0.1396105,
          0,
          -0.15551381,
          0.1413657,
          0.9776662,
          0,
          -0.17080703,
          0.2248893,
          0.67054886,
          1
        ]
      },
      {
        "date" : 759537343.112082,
        "title" : "Untitled",
        "transform" : [
          0.33860764,
          3.0819787e-12,
          0.9409276,
          0,
          0.22292046,
          0.97153026,
          -0.080221444,
          0,
          -0.9141397,
          0.23691563,
          0.32896757,
          0,
          -0.62920684,
          0.23525323,
          0.012847502,
          1
        ]
      }
    ],
    "916F2E70-40B8-4027-B5CB-91FC2BC864F1" : [
      {
        "date" : 759562189.928573,
        "title" : "Untitled",
        "transform" : [
          0.99092555,
          -2.6904601e-08,
          0.13441183,
          0,
          0.011193659,
          0.9965263,
          -0.082523085,
          0,
          -0.13394488,
          0.0832788,
          0.98748344,
          0,
          0.050947465,
          2.9970915,
          0.19645192,
          1
        ]
      },
      {
        "date" : 759562183.775444,
        "title" : "Untitled",
        "transform" : [
          0.8167695,
          -2.8892412e-08,
          -0.5769641,
          0,
          -0.22302264,
          0.9222705,
          -0.31571826,
          0,
          0.532117,
          0.38654512,
          0.7532824,
          0,
          0.16640314,
          3.0551565,
          0.10229906,
          1
        ]
      },
      {
        "date" : 759562176.161881,
        "title" : "Untitled",
        "transform" : [
          0.9999975,
          -3.6565716e-13,
          0.002272067,
          0,
          -4.6693835e-06,
          0.9999979,
          0.002055121,
          0,
          -0.002272062,
          -0.0020551262,
          0.99999535,
          0,
          -0.15218134,
          2.1452317,
          2.1787488,
          1
        ]
      },
      {
        "date" : 759562155.666232,
        "title" : "Untitled",
        "transform" : [
          0.96029055,
          -2.166729e-10,
          -0.27900165,
          0,
          -0.026209302,
          0.9955779,
          -0.090209305,
          0,
          0.2777679,
          0.09393959,
          0.9560441,
          0,
          -0.962418,
          0.67478657,
          0.46307972,
          1
        ]
      },
      {
        "date" : 759555783.686101,
        "title" : "Untitled",
        "transform" : [
          0.99628645,
          9.833688e-11,
          -0.08610061,
          0,
          -0.0009942137,
          0.99993336,
          -0.011504235,
          0,
          0.08609486,
          0.011547116,
          0.99622,
          0,
          -1.8431181,
          2.1992884,
          -2.253821,
          1
        ]
      },
      {
        "date" : 759555774.909552,
        "title" : "Untitled",
        "transform" : [
          0.99812883,
          1.6617095e-11,
          0.061145898,
          0,
          -0.0016656995,
          0.99962896,
          0.02719042,
          0,
          -0.061123207,
          -0.027241392,
          0.99775845,
          0,
          -4.332962,
          2.1515996,
          -3.3205223,
          1
        ]
      },
      {
        "date" : 759555767.618606,
        "title" : "Untitled",
        "transform" : [
          0.97561365,
          -2.7666397e-10,
          0.21949473,
          0,
          0.0047184997,
          0.9997689,
          -0.020972861,
          0,
          -0.219444,
          0.021497095,
          0.97538817,
          0,
          -3.1856627,
          2.1515996,
          -3.3485665,
          1
        ]
      },
      {
        "date" : 759555601.305765,
        "title" : "Untitled",
        "transform" : [
          0.99961793,
          1.9687446e-12,
          0.027640352,
          0,
          0.00019477328,
          0.9999752,
          -0.007044008,
          0,
          -0.027639665,
          0.0070467,
          0.9995931,
          0,
          -1.6620449,
          2.1515996,
          -2.9540057,
          1
        ]
      },
      {
        "date" : 759555594.399317,
        "title" : "Untitled",
        "transform" : [
          0.9971749,
          9.923251e-11,
          0.07511545,
          0,
          0.0010859541,
          0.9998955,
          -0.014416292,
          0,
          -0.0751076,
          0.014457136,
          0.99707067,
          0,
          -2.44207,
          2.1452494,
          -4.487614,
          1
        ]
      },
      {
        "date" : 759555583.654947,
        "title" : "Untitled",
        "transform" : [
          0.9933339,
          1.3723739e-09,
          0.11527241,
          0,
          0.02991858,
          0.9657306,
          -0.25781658,
          0,
          -0.1113221,
          0.25954673,
          0.95929295,
          0,
          -3.0564709,
          2.3973413,
          -3.8290389,
          1
        ]
      }
    ],
    "A53B7B1A-FEE9-4C14-9AA2-3491E64FFD78" : [
      {
        "date" : 759540089.572677,
        "title" : "Untitled",
        "transform" : [
          -0.070422076,
          -9.75828e-06,
          -0.9975173,
          0,
          -0.15420651,
          0.9879787,
          0.010876906,
          0,
          0.9855257,
          0.15458964,
          -0.069577016,
          0,
          3.180134,
          1.729889,
          0.76491344,
          1
        ]
      },
      {
        "date" : 759540086.023892,
        "title" : "Untitled",
        "transform" : [
          -0.070422076,
          -9.75828e-06,
          -0.9975173,
          0,
          -0.15420651,
          0.9879787,
          0.010876906,
          0,
          0.9855257,
          0.15458964,
          -0.069577016,
          0,
          0.1261523,
          1.250842,
          0.98052067,
          1
        ]
      },
      {
        "date" : 759540084.971903,
        "title" : "Untitled",
        "transform" : [
          -0.070422076,
          -9.75828e-06,
          -0.9975173,
          0,
          -0.15420651,
          0.9879787,
          0.010876906,
          0,
          0.9855257,
          0.15458964,
          -0.069577016,
          0,
          0.081961654,
          1.2445793,
          0.98302424,
          1
        ]
      }
    ]
  },
  "sceneViewportBackgroundColors" : {

  },
  "selectedSceneRelativePath" : "xrk\/MovieScene.usda"
}