{
  "advancedEditorSelectedIdentifier" : "BehaviorsPluginID",
  "openSceneRelativePaths" : [
    "Cloud.usda",
    "xrk\/MovieScene.usda",
    "xrk\/Untitled Scene.usda"
  ],
  "recentIdentifiers" : {
    "6F0356C3-A010-42E9-AD64-DBC18EB5CB70" : [

    ],
    "916F2E70-40B8-4027-B5CB-91FC2BC864F1" : [

    ]
  },
  "sceneCameraHistory" : {
    "6F0356C3-A010-42E9-AD64-DBC18EB5CB70" : [
      {
        "date" : 759526632.394395,
        "title" : "Untitled",
        "transform" : [
          0.999997,
          -1.985893e-10,
          -0.0024449732,
          0,
          -0.00024519867,
          0.9949586,
          -0.100286625,
          0,
          0.0024326472,
          0.10028692,
          0.9949556,
          0,
          0.008115888,
          1.5972288,
          3.2491965,
          1
        ]
      },
      {
        "date" : 759526628.647128,
        "title" : "Untitled",
        "transform" : [
          0.999997,
          -1.9244156e-10,
          -0.0024449734,
          0,
          -0.00024519867,
          0.9949586,
          -0.100286625,
          0,
          0.0024326472,
          0.10028692,
          0.9949556,
          0,
          -0.5468365,
          1.0491002,
          2.0933661,
          1
        ]
      },
      {
        "date" : 759526610.518406,
        "title" : "Untitled",
        "transform" : [
          0.99996716,
          -8.277873e-11,
          -0.008102659,
          0,
          -0.0067754677,
          0.5484202,
          -0.8361755,
          0,
          0.004443662,
          0.836203,
          0.54840213,
          0,
          -0.0034387694,
          0.23227172,
          0.1118525,
          1
        ]
      },
      {
        "date" : 759526608.311441,
        "title" : "Untitled",
        "transform" : [
          1,
          0,
          0,
          0,
          0,
          0.7071069,
          -0.70710677,
          0,
          0,
          0.70710677,
          0.7071069,
          0,
          -0.004705672,
          0.1955938,
          0.15585634,
          1
        ]
      },
      {
        "date" : 759526606.965821,
        "title" : "Untitled",
        "transform" : [
          1,
          0,
          0,
          0,
          0,
          0.7071069,
          -0.70710677,
          0,
          0,
          0.70710677,
          0.7071069,
          0,
          -0.0043569794,
          0.3166144,
          0.27982152,
          1
        ]
      }
    ],
    "916F2E70-40B8-4027-B5CB-91FC2BC864F1" : [
      {
        "date" : 759531795.932869,
        "title" : "Untitled",
        "transform" : [
          0.59682715,
          -1.3387465e-08,
          0.80236995,
          0,
          0.252338,
          0.94926053,
          -0.18769665,
          0,
          -0.7616581,
          0.31449085,
          0.5665444,
          0,
          -3.326969,
          1.6894786,
          0.06428289,
          1
        ]
      },
      {
        "date" : 759531789.37825,
        "title" : "Untitled",
        "transform" : [
          0.22199164,
          4.8001807e-09,
          0.9750486,
          0,
          0.26874098,
          0.96126723,
          -0.06118491,
          0,
          -0.93728226,
          0.27561802,
          0.21339332,
          0,
          -3.5865536,
          3.6950474,
          0.2077837,
          1
        ]
      },
      {
        "date" : 759531774.412134,
        "title" : "Untitled",
        "transform" : [
          0.22964944,
          2.978928e-09,
          0.9732734,
          0,
          0.18901461,
          0.98096097,
          -0.044599082,
          0,
          -0.9547432,
          0.19420505,
          0.22527713,
          0,
          -3.8206425,
          2.6035943,
          0.3671028,
          1
        ]
      },
      {
        "date" : 759531769.887139,
        "title" : "Untitled",
        "transform" : [
          0.22964944,
          2.978928e-09,
          0.9732734,
          0,
          0.18901461,
          0.98096097,
          -0.044599082,
          0,
          -0.9547432,
          0.19420505,
          0.22527713,
          0,
          -3.8206425,
          2.6035943,
          0.3671028,
          1
        ]
      },
      {
        "date" : 759530410.949031,
        "title" : "Untitled",
        "transform" : [
          0.12170638,
          -8.644897e-08,
          0.99256617,
          0,
          0.49118668,
          0.86896956,
          -0.060228202,
          0,
          -0.8625098,
          0.49486545,
          0.10575918,
          0,
          -1.8171192,
          2.6480885,
          -0.38477042,
          1
        ]
      },
      {
        "date" : 759530350.589006,
        "title" : "Untitled",
        "transform" : [
          0.12170638,
          -8.644897e-08,
          0.99256617,
          0,
          0.49118668,
          0.86896956,
          -0.060228202,
          0,
          -0.8625098,
          0.49486545,
          0.10575918,
          0,
          -1.8368194,
          2.6593914,
          -0.38235477,
          1
        ]
      },
      {
        "date" : 759528353.377715,
        "title" : "Untitled",
        "transform" : [
          0.12170638,
          -8.644897e-08,
          0.99256617,
          0,
          0.49118668,
          0.86896956,
          -0.060228202,
          0,
          -0.8625098,
          0.49486545,
          0.10575918,
          0,
          -1.8566037,
          2.6707428,
          -0.37992883,
          1
        ]
      },
      {
        "date" : 759521417.952819,
        "title" : "Untitled",
        "transform" : [
          0.9995642,
          -1.3181017e-10,
          0.029523559,
          0,
          0.006689946,
          0.9739887,
          -0.22649811,
          0,
          -0.028755609,
          0.22659688,
          0.9735641,
          0,
          -0.18101563,
          2.004346,
          1.1173319,
          1
        ]
      },
      {
        "date" : 759520569.693753,
        "title" : "Untitled",
        "transform" : [
          0.99853396,
          -1.6864312e-09,
          0.05412973,
          0,
          0.019847704,
          0.93035144,
          -0.3661316,
          0,
          -0.05035967,
          0.36666918,
          0.92898744,
          0,
          -0.10234596,
          2.2725837,
          1.5478537,
          1
        ]
      },
      {
        "date" : 759520338.087312,
        "title" : "Untitled",
        "transform" : [
          0.1394166,
          -0.000109723704,
          0.9902338,
          0,
          0.52649343,
          0.84694976,
          -0.07403201,
          0,
          -0.83867013,
          0.5316729,
          0.11813663,
          0,
          -1.7741826,
          2.20344,
          0.10787807,
          1
        ]
      }
    ]
  },
  "sceneViewportBackgroundColors" : {

  },
  "selectedSceneRelativePath" : "xrk\/MovieScene.usda"
}