{
  "advancedEditorSelectedIdentifier" : "ProjectBrowser",
  "openSceneRelativePaths" : [
    "Cloud.usda",
    "Movie.usda"
  ],
  "recentIdentifiers" : {
    "CEA80D45-3ADD-488F-9204-4D2D2FC68EED" : [

    ],
    "D69CB11A-0917-4549-A10A-6B5515B8FF7A" : [

    ]
  },
  "sceneCameraHistory" : {
    "CEA80D45-3ADD-488F-9204-4D2D2FC68EED" : [
      {
        "date" : 759454261.537174,
        "title" : "Untitled",
        "transform" : [
          0.99997777,
          6.1187486e-05,
          0.0066801175,
          0,
          0.0013939659,
          0.976035,
          -0.21760935,
          0,
          -0.006533343,
          0.2176138,
          0.9760131,
          0,
          -0.45962438,
          1.8469745,
          2.164817,
          1
        ]
      },
      {
        "date" : 759454257.158899,
        "title" : "Untitled",
        "transform" : [
          0.98846036,
          0.0004079701,
          0.1514801,
          0,
          0.06742684,
          0.8942835,
          -0.44239202,
          0,
          -0.13564663,
          0.4475008,
          0.88393617,
          0,
          -0.7629813,
          1.9911748,
          2.2433715,
          1
        ]
      },
      {
        "date" : 759454251.014975,
        "title" : "Untitled",
        "transform" : [
          0.9926022,
          0.0004079701,
          0.12141157,
          0,
          0.05713375,
          0.8807847,
          -0.47005752,
          0,
          -0.107129216,
          0.47351685,
          0.8742455,
          0,
          -0.63609177,
          2.1069345,
          2.2002525,
          1
        ]
      },
      {
        "date" : 759454199.591479,
        "title" : "Untitled",
        "transform" : [
          0.97827506,
          -4.7845994e-10,
          0.2073112,
          0,
          0.07349157,
          0.9350565,
          -0.34679735,
          0,
          -0.19384767,
          0.3544988,
          0.9147424,
          0,
          -0.44314742,
          2.816941,
          2.314769,
          1
        ]
      },
      {
        "date" : 759454174.257365,
        "title" : "Untitled",
        "transform" : [
          0.99668866,
          4.2523056e-06,
          0.081311546,
          0,
          0.022112433,
          0.96229804,
          -0.27109683,
          0,
          -0.0782471,
          0.27199715,
          0.9591115,
          0,
          -0.38558835,
          2.9949248,
          2.4386985,
          1
        ]
      },
      {
        "date" : 759454153.109691,
        "title" : "Untitled",
        "transform" : [
          0.9877662,
          -3.142501e-05,
          0.15594196,
          0,
          0.086205885,
          0.8334191,
          -0.5458766,
          0,
          -0.12994786,
          0.5526416,
          0.8232259,
          0,
          -0.354207,
          3.5249078,
          2.2900827,
          1
        ]
      },
      {
        "date" : 759454133.168123,
        "title" : "Untitled",
        "transform" : [
          0.9368457,
          8.133938e-09,
          0.34974295,
          0,
          0.16441981,
          0.88260454,
          -0.44042632,
          0,
          -0.30868477,
          0.47011617,
          0.8268642,
          0,
          -0.5996548,
          2.169631,
          1.9389607,
          1
        ]
      },
      {
        "date" : 759454127.851616,
        "title" : "Untitled",
        "transform" : [
          0.9392295,
          7.942481e-09,
          0.34328982,
          0,
          0.172424,
          0.86471117,
          -0.47174633,
          0,
          -0.29684657,
          0.5022695,
          0.8121623,
          0,
          -0.5907856,
          2.2095952,
          1.9365093,
          1
        ]
      },
      {
        "date" : 759454125.001438,
        "title" : "Untitled",
        "transform" : [
          0.90540284,
          -3.862825e-09,
          0.4245534,
          0,
          0.09886806,
          0.9725065,
          -0.21084608,
          0,
          -0.412881,
          0.23287544,
          0.8805103,
          0,
          -0.116021916,
          1.9418168,
          0.9240281,
          1
        ]
      },
      {
        "date" : 759454106.853951,
        "title" : "Untitled",
        "transform" : [
          0.90540284,
          -3.862825e-09,
          0.4245534,
          0,
          0.09886806,
          0.9725065,
          -0.21084608,
          0,
          -0.412881,
          0.23287544,
          0.8805103,
          0,
          -0.5752607,
          2.0915384,
          1.6174678,
          1
        ]
      }
    ],
    "D69CB11A-0917-4549-A10A-6B5515B8FF7A" : [
      {
        "date" : 759446484.172638,
        "title" : "Untitled",
        "transform" : [
          1,
          0,
          0,
          0,
          0,
          0.7071069,
          -0.70710677,
          0,
          0,
          0.70710677,
          0.7071069,
          0,
          0,
          1.8287902,
          1.8287904,
          1
        ]
      }
    ]
  },
  "sceneViewportBackgroundColors" : {

  },
  "selectedSceneRelativePath" : "Cloud.usda"
}